800
0.375000 -0.349066 0.436332 -0.785398 1.239184 -0.349066 0.349066 0.000000
0.375203 -0.348919 0.436600 -0.785484 1.238915 -0.349057 0.349224 0.000209
0.375000 -0.349066 0.436332 -0.785398 1.239184 -0.349066 0.349066 0.000000
0.375000 -0.349066 0.436333 -0.785398 1.239183 -0.349066 0.349066 0.000000
0.375001 -0.349065 0.436334 -0.785398 1.239183 -0.349066 0.349066 0.000001
0.375003 -0.349064 0.436335 -0.785399 1.239181 -0.349066 0.349067 0.000002
0.375005 -0.349062 0.436338 -0.785399 1.239178 -0.349066 0.349068 0.000004
0.375009 -0.349060 0.436343 -0.785400 1.239175 -0.349065 0.349069 0.000008
0.375015 -0.349056 0.436349 -0.785402 1.239169 -0.349065 0.349071 0.000012
0.375022 -0.349052 0.436357 -0.785403 1.239162 -0.349065 0.349073 0.000018
0.375032 -0.349046 0.436367 -0.785406 1.239153 -0.349064 0.349076 0.000026
0.375043 -0.349038 0.436380 -0.785408 1.239141 -0.349064 0.349080 0.000036
0.375058 -0.349029 0.436395 -0.785412 1.239127 -0.349063 0.349084 0.000048
0.375075 -0.349018 0.436414 -0.785416 1.239110 -0.349062 0.349090 0.000062
0.375095 -0.349005 0.436437 -0.785421 1.239090 -0.349061 0.349096 0.000079
0.375119 -0.348990 0.436462 -0.785426 1.239067 -0.349060 0.349103 0.000098
0.375147 -0.348972 0.436492 -0.785433 1.239040 -0.349058 0.349112 0.000121
0.375178 -0.348952 0.436527 -0.785440 1.239009 -0.349057 0.349122 0.000147
0.375213 -0.348930 0.436565 -0.785449 1.238975 -0.349055 0.349133 0.000176
0.375253 -0.348904 0.436609 -0.785458 1.238936 -0.349053 0.349146 0.000209
0.375298 -0.348876 0.436658 -0.785469 1.238892 -0.349051 0.349160 0.000246
0.375348 -0.348844 0.436712 -0.785480 1.238843 -0.349048 0.349176 0.000286
0.375402 -0.348809 0.436772 -0.785493 1.238790 -0.349045 0.349193 0.000332
0.375463 -0.348771 0.436837 -0.785508 1.238731 -0.349042 0.349212 0.000381
0.375529 -0.348729 0.436909 -0.785523 1.238666 -0.349039 0.349233 0.000436
0.375601 -0.348683 0.436988 -0.785540 1.238596 -0.349035 0.349256 0.000495
0.375679 -0.348633 0.437073 -0.785559 1.238519 -0.349031 0.349280 0.000559
0.375763 -0.348579 0.437166 -0.785579 1.238436 -0.349027 0.349307 0.000629
0.375855 -0.348521 0.437266 -0.785600 1.238346 -0.349022 0.349336 0.000705
0.375953 -0.348458 0.437373 -0.785624 1.238250 -0.349017 0.349367 0.000786
0.376059 -0.348390 0.437489 -0.785649 1.238146 -0.349012 0.349401 0.000873
0.376173 -0.348318 0.437613 -0.785676 1.238035 -0.349006 0.349437 0.000966
0.376294 -0.348240 0.437745 -0.785704 1.237916 -0.349000 0.349476 0.001066
0.376423 -0.348158 0.437886 -0.785735 1.237790 -0.348993 0.349517 0.001173
0.376560 -0.348070 0.438036 -0.785768 1.237655 -0.348986 0.349560 0.001286
0.376707 -0.347977 0.438196 -0.785802 1.237512 -0.348979 0.349607 0.001407
0.376861 -0.347878 0.438365 -0.785839 1.237360 -0.348971 0.349656 0.001534
0.377025 -0.347773 0.438543 -0.785878 1.237200 -0.348963 0.349708 0.001669
0.377197 -0.347663 0.438731 -0.785919 1.237031 -0.348954 0.349763 0.001811
0.377377 -0.347547 0.438928 -0.785962 1.236854 -0.348945 0.349821 0.001960
0.377567 -0.347426 0.439135 -0.786007 1.236668 -0.348935 0.349881 0.002116
0.377765 -0.347299 0.439351 -0.786054 1.236474 -0.348925 0.349945 0.002280
0.375410 -0.348787 0.436826 -0.785533 1.238712 -0.349047 0.349289 0.000379
0.375626 -0.348649 0.437061 -0.785584 1.238501 -0.349036 0.349357 0.000557
0.375850 -0.348506 0.437306 -0.785637 1.238281 -0.349024 0.349429 0.000742
0.376083 -0.348357 0.437561 -0.785692 1.238053 -0.349012 0.349502 0.000934
0.376325 -0.348203 0.437824 -0.785749 1.237816 -0.349000 0.349579 0.001133
0.376575 -0.348043 0.438098 -0.785809 1.237571 -0.348987 0.349659 0.001340
0.376834 -0.347877 0.438380 -0.785870 1.237317 -0.348974 0.349741 0.001553
0.377101 -0.347706 0.438672 -0.785934 1.237054 -0.348961 0.349827 0.001774
0.377377 -0.347529 0.438974 -0.785999 1.236784 -0.348947 0.349915 0.002002
0.377662 -0.347347 0.439284 -0.786067 1.236504 -0.348933 0.350006 0.002237
0.377955 -0.347159 0.439605 -0.786137 1.236217 -0.348918 0.350100 0.002479
0.378257 -0.346966 0.439934 -0.786209 1.235920 -0.348903 0.350197 0.002728
0.378567 -0.346766 0.440273 -0.786283 1.235615 -0.348887 0.350297 0.002984
0.378886 -0.346562 0.440621 -0.786360 1.235302 -0.348871 0.350399 0.003248
0.379214 -0.346351 0.440979 -0.786438 1.234980 -0.348855 0.350505 0.003518
0.379550 -0.346135 0.441346 -0.786519 1.234650 -0.348838 0.350614 0.003796
0.379895 -0.345913 0.441722 -0.786601 1.234311 -0.348821 0.350725 0.004081
0.380248 -0.345686 0.442108 -0.786686 1.233964 -0.348803 0.350840 0.004373
0.380609 -0.345453 0.442503 -0.786773 1.233608 -0.348785 0.350958 0.004672
0.380980 -0.345214 0.442907 -0.786862 1.233244 -0.348767 0.351078 0.004978
0.381358 -0.344970 0.443320 -0.786954 1.232871 -0.348748 0.351202 0.005292
0.381745 -0.344720 0.443743 -0.787047 1.232490 -0.348729 0.351328 0.005612
0.382141 -0.344464 0.444175 -0.787143 1.232100 -0.348709 0.351458 0.005940
0.382545 -0.344203 0.444617 -0.787241 1.231702 -0.348689 0.351591 0.006275
0.382958 -0.343936 0.445067 -0.787341 1.231295 -0.348669 0.351727 0.006617
0.383379 -0.343663 0.445527 -0.787443 1.230880 -0.348648 0.351866 0.006966
0.383808 -0.343384 0.445996 -0.787548 1.230456 -0.348627 0.352008 0.007322
0.384246 -0.343100 0.446474 -0.787654 1.230024 -0.348606 0.352153 0.007685
0.384692 -0.342811 0.446961 -0.787763 1.229583 -0.348584 0.352302 0.008055
0.385146 -0.342516 0.447457 -0.787874 1.229135 -0.348562 0.352453 0.008431
0.385607 -0.342215 0.447960 -0.787987 1.228679 -0.348540 0.352607 0.008814
0.386075 -0.341910 0.448472 -0.788102 1.228216 -0.348517 0.352764 0.009204
0.386551 -0.341600 0.448992 -0.788218 1.227745 -0.348494 0.352924 0.009599
0.387033 -0.341285 0.449518 -0.788337 1.227268 -0.348471 0.353086 0.010000
0.387522 -0.340966 0.450052 -0.788458 1.226784 -0.348447 0.353251 0.010406
0.388017 -0.340642 0.450593 -0.788580 1.226294 -0.348423 0.353419 0.010818
0.388518 -0.340314 0.451140 -0.788703 1.225798 -0.348399 0.353589 0.011235
0.389024 -0.339982 0.451693 -0.788829 1.225295 -0.348375 0.353761 0.011656
0.389536 -0.339646 0.452252 -0.788956 1.224788 -0.348351 0.353936 0.012083
0.390053 -0.339307 0.452817 -0.789084 1.224274 -0.348326 0.354113 0.012514
0.390575 -0.338964 0.453387 -0.789214 1.223756 -0.348302 0.354292 0.012949
0.391101 -0.338617 0.453962 -0.789346 1.223233 -0.348277 0.354473 0.013388
0.391632 -0.338267 0.454542 -0.789478 1.222705 -0.348252 0.354657 0.013831
0.392167 -0.337915 0.455127 -0.789612 1.222173 -0.348227 0.354842 0.014277
0.392706 -0.337559 0.455715 -0.789747 1.221637 -0.348201 0.355029 0.014727
0.393248 -0.337200 0.456308 -0.789883 1.221097 -0.348176 0.355218 0.015180
0.393793 -0.336839 0.456904 -0.790020 1.220554 -0.348151 0.355409 0.015636
0.394342 -0.336476 0.457504 -0.790159 1.220007 -0.348125 0.355601 0.016095
0.394893 -0.336110 0.458106 -0.790298 1.219458 -0.348100 0.355795 0.016556
0.395447 -0.335742 0.458711 -0.790438 1.218905 -0.348074 0.355990 0.017020
0.396003 -0.335373 0.459319 -0.790579 1.218350 -0.348049 0.356186 0.017485
0.396561 -0.335001 0.459929 -0.790721 1.217793 -0.348023 0.356384 0.017953
0.397121 -0.334628 0.460541 -0.790863 1.217233 -0.347997 0.356583 0.018422
0.397682 -0.334254 0.461154 -0.791006 1.216672 -0.347972 0.356783 0.018893
0.398244 -0.333878 0.461769 -0.791150 1.216110 -0.347946 0.356985 0.019364
0.398808 -0.333501 0.462385 -0.791294 1.215546 -0.347921 0.357187 0.019837
0.399372 -0.333123 0.463002 -0.791438 1.214981 -0.347895 0.357390 0.020311
0.399936 -0.332745 0.463619 -0.791583 1.214415 -0.347870 0.357594 0.020785
0.400501 -0.332366 0.464236 -0.791728 1.213849 -0.347845 0.357798 0.021260
0.401065 -0.331987 0.464853 -0.791874 1.213282 -0.347819 0.358003 0.021735
0.401629 -0.331607 0.465470 -0.792020 1.212716 -0.347794 0.358209 0.022210
0.402193 -0.331227 0.466087 -0.792166 1.212150 -0.347769 0.358415 0.022684
0.402757 -0.330847 0.466704 -0.792312 1.211583 -0.347744 0.358622 0.023159
0.403320 -0.330467 0.467320 -0.792458 1.211017 -0.347719 0.358829 0.023634
0.403883 -0.330087 0.467935 -0.792604 1.210450 -0.347695 0.359036 0.024108
0.404446 -0.329706 0.468551 -0.792751 1.209884 -0.347670 0.359244 0.024583
0.405008 -0.329325 0.469166 -0.792897 1.209318 -0.347645 0.359453 0.025057
0.405570 -0.328944 0.469781 -0.793044 1.208751 -0.347621 0.359662 0.025532
0.406131 -0.328562 0.470395 -0.793191 1.208185 -0.347597 0.359872 0.026006
0.406693 -0.328181 0.471009 -0.793339 1.207619 -0.347572 0.360082 0.026481
0.407254 -0.327799 0.471623 -0.793486 1.207053 -0.347548 0.360292 0.026955
0.407814 -0.327417 0.472236 -0.793634 1.206486 -0.347524 0.360503 0.027429
0.408374 -0.327035 0.472849 -0.793782 1.205920 -0.347500 0.360715 0.027904
0.408934 -0.326652 0.473462 -0.793930 1.205354 -0.347476 0.360927 0.028378
0.409494 -0.326270 0.474075 -0.794078 1.204788 -0.347453 0.361139 0.028852
0.410053 -0.325887 0.474687 -0.794226 1.204221 -0.347429 0.361352 0.029326
0.410612 -0.325504 0.475299 -0.794374 1.203655 -0.347405 0.361566 0.029800
0.411171 -0.325120 0.475910 -0.794523 1.203089 -0.347382 0.361780 0.030274
0.411729 -0.324737 0.476521 -0.794672 1.202523 -0.347359 0.361995 0.030748
0.412287 -0.324353 0.477132 -0.794821 1.201957 -0.347335 0.362210 0.031222
0.412844 -0.323969 0.477743 -0.794970 1.201391 -0.347312 0.362425 0.031696
0.413401 -0.323585 0.478353 -0.795119 1.200825 -0.347289 0.362641 0.032170
0.413958 -0.323200 0.478963 -0.795269 1.200259 -0.347266 0.362858 0.032644
0.414515 -0.322816 0.479572 -0.795418 1.199693 -0.347243 0.363075 0.033117
0.415071 -0.322431 0.480182 -0.795568 1.199127 -0.347221 0.363292 0.033591
0.415627 -0.322046 0.480790 -0.795718 1.198561 -0.347198 0.363510 0.034065
0.416183 -0.321661 0.481399 -0.795868 1.197995 -0.347175 0.363729 0.034538
0.416738 -0.321275 0.482007 -0.796019 1.197429 -0.347153 0.363948 0.035012
0.417293 -0.320889 0.482615 -0.796169 1.196863 -0.347131 0.364167 0.035486
0.417847 -0.320504 0.483223 -0.796320 1.196297 -0.347108 0.364387 0.035959
0.418401 -0.320117 0.483830 -0.796470 1.195731 -0.347086 0.364608 0.036433
0.418955 -0.319731 0.484437 -0.796621 1.195165 -0.347064 0.364828 0.036906
0.419509 -0.319344 0.485044 -0.796772 1.194599 -0.347042 0.365050 0.037379
0.420062 -0.318958 0.485650 -0.796924 1.194033 -0.347020 0.365272 0.037853
0.420615 -0.318571 0.486256 -0.797075 1.193467 -0.346999 0.365494 0.038326
0.421167 -0.318184 0.486862 -0.797227 1.192901 -0.346977 0.365717 0.038799
0.421720 -0.317796 0.487468 -0.797378 1.192335 -0.346955 0.365941 0.039272
0.422271 -0.317408 0.488073 -0.797530 1.191770 -0.346934 0.366165 0.039746
0.422823 -0.317021 0.488678 -0.797682 1.191204 -0.346913 0.366389 0.040219
0.423374 -0.316633 0.489282 -0.797834 1.190638 -0.346891 0.366614 0.040692
0.423925 -0.316244 0.489886 -0.797987 1.190072 -0.346870 0.366840 0.041165
0.424475 -0.315856 0.490490 -0.798139 1.189507 -0.346849 0.367066 0.041638
0.425026 -0.315467 0.491094 -0.798292 1.188941 -0.346828 0.367292 0.042111
0.425575 -0.315078 0.491697 -0.798445 1.188375 -0.346807 0.367519 0.042584
0.426125 -0.314689 0.492300 -0.798598 1.187809 -0.346787 0.367746 0.043057
0.426674 -0.314300 0.492902 -0.798751 1.187244 -0.346766 0.367974 0.043530
0.427223 -0.313910 0.493505 -0.798904 1.186678 -0.346746 0.368203 0.044002
0.427771 -0.313520 0.494107 -0.799058 1.186112 -0.346725 0.368432 0.044475
0.428319 -0.313130 0.494708 -0.799211 1.185547 -0.346705 0.368661 0.044948
0.428867 -0.312740 0.495310 -0.799365 1.184981 -0.346685 0.368891 0.045421
0.429415 -0.312350 0.495911 -0.799519 1.184415 -0.346664 0.369121 0.045893
0.429962 -0.311959 0.496511 -0.799673 1.183850 -0.346644 0.369352 0.046366
0.430509 -0.311568 0.497112 -0.799827 1.183284 -0.346625 0.369584 0.046839
0.431055 -0.311177 0.497712 -0.799981 1.182718 -0.346605 0.369816 0.047311
0.431601 -0.310786 0.498312 -0.800136 1.182153 -0.346585 0.370048 0.047784
0.432147 -0.310395 0.498911 -0.800290 1.181587 -0.346565 0.370281 0.048256
0.432692 -0.310003 0.499510 -0.800445 1.181022 -0.346546 0.370514 0.048729
0.433237 -0.309611 0.500109 -0.800600 1.180456 -0.346527 0.370748 0.049201
0.433782 -0.309219 0.500708 -0.800755 1.179891 -0.346507 0.370983 0.049673
0.434326 -0.308827 0.501306 -0.800910 1.179325 -0.346488 0.371218 0.050146
0.434871 -0.308434 0.501904 -0.801065 1.178760 -0.346469 0.371453 0.050618
0.435414 -0.308041 0.502502 -0.801221 1.178194 -0.346450 0.371689 0.051090
0.435958 -0.307648 0.503099 -0.801376 1.177629 -0.346431 0.371925 0.051562
0.436501 -0.307255 0.503696 -0.801532 1.177063 -0.346412 0.372162 0.052035
0.437043 -0.306862 0.504293 -0.801688 1.176498 -0.346394 0.372400 0.052507
0.437586 -0.306468 0.504889 -0.801844 1.175932 -0.346375 0.372638 0.052979
0.438128 -0.306075 0.505485 -0.802000 1.175367 -0.346357 0.372876 0.053451
0.438669 -0.305681 0.506081 -0.802157 1.174801 -0.346338 0.373115 0.053923
0.439211 -0.305286 0.506677 -0.802313 1.174236 -0.346320 0.373354 0.054395
0.439752 -0.304892 0.507272 -0.802469 1.173671 -0.346302 0.373594 0.054867
0.440292 -0.304497 0.507867 -0.802626 1.173105 -0.346284 0.373834 0.055339
0.440833 -0.304103 0.508461 -0.802783 1.172540 -0.346266 0.374075 0.055811
0.441373 -0.303708 0.509056 -0.802940 1.171974 -0.346248 0.374317 0.056283
0.441912 -0.303312 0.509650 -0.803097 1.171409 -0.346230 0.374559 0.056755
0.442452 -0.302917 0.510243 -0.803254 1.170844 -0.346213 0.374801 0.057226
0.442991 -0.302521 0.510837 -0.803412 1.170278 -0.346195 0.375044 0.057698
0.443529 -0.302125 0.511430 -0.803569 1.169713 -0.346178 0.375287 0.058170
0.444067 -0.301729 0.512023 -0.803727 1.169148 -0.346161 0.375531 0.058642
0.444605 -0.301333 0.512615 -0.803885 1.168582 -0.346143 0.375776 0.059113
0.445143 -0.300936 0.513207 -0.804043 1.168017 -0.346126 0.376021 0.059585
0.445680 -0.300540 0.513799 -0.804201 1.167452 -0.346109 0.376266 0.060057
0.446217 -0.300143 0.514391 -0.804359 1.166886 -0.346092 0.376512 0.060528
0.446754 -0.299746 0.514982 -0.804517 1.166321 -0.346076 0.376758 0.061000
0.447290 -0.299348 0.515573 -0.804676 1.165756 -0.346059 0.377005 0.061471
0.447826 -0.298951 0.516164 -0.804834 1.165191 -0.346042 0.377253 0.061943
0.448361 -0.298553 0.516754 -0.804993 1.164625 -0.346026 0.377500 0.062414
0.448896 -0.298155 0.517344 -0.805152 1.164060 -0.346010 0.377749 0.062886
0.449431 -0.297757 0.517934 -0.805311 1.163495 -0.345993 0.377998 0.063357
0.449966 -0.297359 0.518524 -0.805470 1.162930 -0.345977 0.378247 0.063828
0.450500 -0.296960 0.519113 -0.805629 1.162364 -0.345961 0.378497 0.064300
0.451034 -0.296561 0.519702 -0.805788 1.161799 -0.345945 0.378748 0.064771
0.451567 -0.296162 0.520290 -0.805948 1.161234 -0.345929 0.378998 0.065242
0.452100 -0.295763 0.520879 -0.806107 1.160669 -0.345914 0.379250 0.065713
0.452633 -0.295364 0.521467 -0.806267 1.160104 -0.345898 0.379502 0.066185
0.453166 -0.294964 0.522055 -0.806427 1.159539 -0.345883 0.379754 0.066656
0.453698 -0.294564 0.522642 -0.806587 1.158973 -0.345867 0.380007 0.067127
0.454229 -0.294164 0.523229 -0.806747 1.158408 -0.345852 0.380261 0.067598
0.454761 -0.293764 0.523816 -0.806907 1.157843 -0.345837 0.380515 0.068069
0.455292 -0.293364 0.524403 -0.807067 1.157278 -0.345822 0.380769 0.068540
0.455823 -0.292963 0.524989 -0.807228 1.156713 -0.345807 0.381024 0.069011
0.456353 -0.292562 0.525575 -0.807388 1.156147 -0.345792 0.381279 0.069482
0.456883 -0.292161 0.526161 -0.807549 1.155582 -0.345777 0.381535 0.069953
0.457413 -0.291760 0.526746 -0.807710 1.155017 -0.345762 0.381792 0.070424
0.457942 -0.291358 0.527331 -0.807871 1.154452 -0.345748 0.382049 0.070895
0.458471 -0.290957 0.527916 -0.808032 1.153887 -0.345734 0.382306 0.071366
0.459000 -0.290555 0.528500 -0.808193 1.153322 -0.345719 0.382564 0.071837
0.459528 -0.290153 0.529085 -0.808354 1.152757 -0.345705 0.382823 0.072307
0.460056 -0.289750 0.529669 -0.808515 1.152192 -0.345691 0.383082 0.072778
0.460583 -0.289348 0.530252 -0.808677 1.151626 -0.345677 0.383341 0.073249
0.461111 -0.288945 0.530836 -0.808838 1.151061 -0.345663 0.383601 0.073720
0.461638 -0.288542 0.531419 -0.809000 1.150496 -0.345649 0.383862 0.074190
0.462164 -0.288139 0.532002 -0.809162 1.149931 -0.345636 0.384123 0.074661
0.462690 -0.287736 0.532584 -0.809324 1.149366 -0.345622 0.384384 0.075132
0.463216 -0.287332 0.533166 -0.809486 1.148801 -0.345609 0.384646 0.075602
0.463742 -0.286928 0.533748 -0.809648 1.148236 -0.345595 0.384909 0.076073
0.464267 -0.286524 0.534330 -0.809810 1.147671 -0.345582 0.385172 0.076543
0.464792 -0.286120 0.534911 -0.809973 1.147106 -0.345569 0.385436 0.077014
0.465316 -0.285716 0.535492 -0.810135 1.146541 -0.345556 0.385700 0.077484
0.465840 -0.285311 0.536073 -0.810298 1.145975 -0.345543 0.385964 0.077955
0.466364 -0.284907 0.536654 -0.810461 1.145410 -0.345530 0.386229 0.078425
0.466888 -0.284502 0.537234 -0.810624 1.144845 -0.345517 0.386495 0.078896
0.467411 -0.284096 0.537814 -0.810786 1.144280 -0.345505 0.386761 0.079366
0.467933 -0.283691 0.538394 -0.810950 1.143715 -0.345492 0.387028 0.079837
0.468456 -0.283285 0.538973 -0.811113 1.143150 -0.345480 0.387295 0.080307
0.468978 -0.282880 0.539552 -0.811276 1.142585 -0.345468 0.387562 0.080777
0.469500 -0.282474 0.540131 -0.811439 1.142020 -0.345456 0.387831 0.081247
0.470021 -0.282067 0.540709 -0.811603 1.141455 -0.345444 0.388099 0.081718
0.470542 -0.281661 0.541288 -0.811766 1.140890 -0.345432 0.388368 0.082188
0.471063 -0.281254 0.541866 -0.811930 1.140325 -0.345420 0.388638 0.082658
0.471583 -0.280847 0.542443 -0.812094 1.139759 -0.345408 0.388908 0.083128
0.472103 -0.280440 0.543021 -0.812258 1.139194 -0.345397 0.389179 0.083599
0.472622 -0.280033 0.543598 -0.812422 1.138629 -0.345385 0.389450 0.084069
0.473142 -0.279626 0.544175 -0.812586 1.138064 -0.345374 0.389722 0.084539
0.473661 -0.279218 0.544751 -0.812750 1.137499 -0.345363 0.389994 0.085009
0.474179 -0.278810 0.545328 -0.812914 1.136934 -0.345351 0.390267 0.085479
0.474697 -0.278402 0.545904 -0.813079 1.136369 -0.345340 0.390540 0.085949
0.475215 -0.277994 0.546479 -0.813243 1.135804 -0.345329 0.390814 0.086419
0.475733 -0.277585 0.547055 -0.813408 1.135239 -0.345319 0.391088 0.086889
0.476250 -0.277177 0.547630 -0.813572 1.134673 -0.345308 0.391363 0.087359
0.476767 -0.276768 0.548205 -0.813737 1.134108 -0.345297 0.391639 0.087829
0.477283 -0.276359 0.548780 -0.813902 1.133543 -0.345287 0.391914 0.088299
0.477799 -0.275949 0.549354 -0.814067 1.132978 -0.345276 0.392191 0.088769
0.478315 -0.275540 0.549928 -0.814232 1.132413 -0.345266 0.392468 0.089238
0.478830 -0.275130 0.550502 -0.814397 1.131848 -0.345256 0.392745 0.089708
0.479345 -0.274720 0.551075 -0.814563 1.131283 -0.345246 0.393023 0.090178
0.479860 -0.274310 0.551649 -0.814728 1.130717 -0.345236 0.393301 0.090648
0.480374 -0.273899 0.552222 -0.814893 1.130152 -0.345226 0.393580 0.091118
0.480888 -0.273489 0.552794 -0.815059 1.129587 -0.345217 0.393860 0.091587
0.481402 -0.273078 0.553367 -0.815225 1.129022 -0.345207 0.394140 0.092057
0.481915 -0.272667 0.553939 -0.815390 1.128457 -0.345198 0.394420 0.092527
0.482428 -0.272256 0.554511 -0.815556 1.127892 -0.345188 0.394701 0.092996
0.482941 -0.271845 0.555082 -0.815722 1.127326 -0.345179 0.394983 0.093466
0.483453 -0.271433 0.555654 -0.815888 1.126761 -0.345170 0.395265 0.093936
0.483965 -0.271021 0.556225 -0.816054 1.126196 -0.345161 0.395548 0.094405
0.484476 -0.270609 0.556796 -0.816221 1.125631 -0.345152 0.395831 0.094875
0.484987 -0.270197 0.557366 -0.816387 1.125065 -0.345143 0.396114 0.095344
0.485498 -0.269785 0.557936 -0.816553 1.124500 -0.345134 0.396398 0.095814
0.486009 -0.269372 0.558506 -0.816720 1.123935 -0.345126 0.396683 0.096283
0.486519 -0.268959 0.559076 -0.816886 1.123370 -0.345117 0.396968 0.096753
0.487028 -0.268546 0.559646 -0.817053 1.122804 -0.345109 0.397254 0.097222
0.487538 -0.268133 0.560215 -0.817220 1.122239 -0.345101 0.397540 0.097692
0.488047 -0.267719 0.560784 -0.817387 1.121674 -0.345093 0.397827 0.098161
0.488555 -0.267306 0.561352 -0.817554 1.121108 -0.345085 0.398114 0.098631
0.489064 -0.266892 0.561921 -0.817721 1.120543 -0.345077 0.398402 0.099100
0.489572 -0.266478 0.562489 -0.817888 1.119978 -0.345069 0.398690 0.099569
0.490079 -0.266064 0.563057 -0.818055 1.119412 -0.345061 0.398979 0.100039
0.490587 -0.265649 0.563624 -0.818222 1.118847 -0.345054 0.399269 0.100508
0.491093 -0.265234 0.564192 -0.818389 1.118282 -0.345046 0.399559 0.100977
0.491600 -0.264820 0.564759 -0.818557 1.117716 -0.345039 0.399849 0.101446
0.492106 -0.264404 0.565325 -0.818724 1.117151 -0.345032 0.400140 0.101916
0.492612 -0.263989 0.565892 -0.818892 1.116585 -0.345025 0.400431 0.102385
0.493117 -0.263574 0.566458 -0.819060 1.116020 -0.345018 0.400723 0.102854
0.493623 -0.263158 0.567024 -0.819227 1.115454 -0.345011 0.401016 0.103323
0.494127 -0.262742 0.567590 -0.819395 1.114889 -0.345004 0.401309 0.103792
0.494632 -0.262326 0.568155 -0.819563 1.114323 -0.344997 0.401603 0.104261
0.495136 -0.261909 0.568720 -0.819731 1.113758 -0.344991 0.401897 0.104731
0.495639 -0.261493 0.569285 -0.819899 1.113192 -0.344984 0.402191 0.105200
0.496143 -0.261076 0.569850 -0.820067 1.112627 -0.344978 0.402486 0.105669
0.496646 -0.260659 0.570414 -0.820236 1.112061 -0.344972 0.402782 0.106138
0.497148 -0.260242 0.570978 -0.820404 1.111496 -0.344966 0.403078 0.106607
0.497651 -0.259824 0.571542 -0.820572 1.110930 -0.344960 0.403375 0.107076
0.498152 -0.259407 0.572106 -0.820741 1.110365 -0.344954 0.403672 0.107545
0.498654 -0.258989 0.572669 -0.820909 1.109799 -0.344948 0.403970 0.108014
0.499155 -0.258571 0.573232 -0.821078 1.109233 -0.344943 0.404269 0.108483
0.499656 -0.258153 0.573795 -0.821247 1.108668 -0.344937 0.404567 0.108952
0.500156 -0.257734 0.574358 -0.821416 1.108102 -0.344932 0.404867 0.109420
0.500656 -0.257316 0.574920 -0.821584 1.107536 -0.344926 0.405167 0.109889
0.501156 -0.256897 0.575482 -0.821753 1.106970 -0.344921 0.405467 0.110358
0.501656 -0.256478 0.576044 -0.821922 1.106405 -0.344916 0.405768 0.110827
0.502154 -0.256058 0.576605 -0.822091 1.105839 -0.344911 0.406070 0.111296
0.502653 -0.255639 0.577167 -0.822261 1.105273 -0.344906 0.406372 0.111765
0.503151 -0.255219 0.577728 -0.822430 1.104707 -0.344902 0.406675 0.112233
0.503649 -0.254799 0.578288 -0.822599 1.104141 -0.344897 0.406978 0.112702
0.504147 -0.254379 0.578849 -0.822768 1.103576 -0.344893 0.407281 0.113171
0.504644 -0.253959 0.579409 -0.822938 1.103010 -0.344888 0.407586 0.113640
0.505141 -0.253538 0.579969 -0.823107 1.102444 -0.344884 0.407890 0.114108
0.505637 -0.253118 0.580529 -0.823277 1.101878 -0.344880 0.408196 0.114577
0.506133 -0.252697 0.581088 -0.823447 1.101312 -0.344876 0.408501 0.115046
0.506629 -0.252276 0.581648 -0.823616 1.100746 -0.344872 0.408808 0.115514
0.507125 -0.251854 0.582206 -0.823786 1.100180 -0.344868 0.409115 0.115983
0.507620 -0.251433 0.582765 -0.823956 1.099614 -0.344865 0.409422 0.116451
0.508114 -0.251011 0.583324 -0.824126 1.099048 -0.344861 0.409730 0.116920
0.508609 -0.250589 0.583882 -0.824296 1.098482 -0.344858 0.410039 0.117389
0.509102 -0.250167 0.584440 -0.824466 1.097916 -0.344854 0.410348 0.117857
0.509596 -0.249744 0.584997 -0.824636 1.097349 -0.344851 0.410657 0.118326
0.510089 -0.249321 0.585555 -0.824806 1.096783 -0.344848 0.410968 0.118794
0.510582 -0.248899 0.586112 -0.824977 1.096217 -0.344845 0.411278 0.119263
0.511074 -0.248476 0.586669 -0.825147 1.095651 -0.344842 0.411590 0.119731
0.511567 -0.248052 0.587226 -0.825317 1.095084 -0.344840 0.411901 0.120200
0.512058 -0.247629 0.587782 -0.825488 1.094518 -0.344837 0.412214 0.120668
0.512550 -0.247205 0.588338 -0.825658 1.093952 -0.344834 0.412526 0.121136
0.513041 -0.246781 0.588894 -0.825829 1.093385 -0.344832 0.412840 0.121605
0.513531 -0.246357 0.589450 -0.825999 1.092819 -0.344830 0.413154 0.122073
0.514022 -0.245933 0.590005 -0.826170 1.092253 -0.344828 0.413468 0.122542
0.514512 -0.245508 0.590561 -0.826341 1.091686 -0.344826 0.413783 0.123010
0.515001 -0.245083 0.591116 -0.826512 1.091120 -0.344824 0.414099 0.123478
0.515490 -0.244658 0.591670 -0.826683 1.090553 -0.344822 0.414415 0.123946
0.515979 -0.244233 0.592225 -0.826853 1.089987 -0.344820 0.414732 0.124415
0.516467 -0.243808 0.592779 -0.827024 1.089420 -0.344819 0.415049 0.124883
0.516955 -0.243382 0.593333 -0.827196 1.088853 -0.344817 0.415367 0.125351
0.517443 -0.242956 0.593886 -0.827367 1.088287 -0.344816 0.415685 0.125819
0.517931 -0.242530 0.594440 -0.827538 1.087720 -0.344815 0.416004 0.126288
0.518417 -0.242104 0.594993 -0.827709 1.087153 -0.344814 0.416324 0.126756
0.518904 -0.241678 0.595546 -0.827880 1.086587 -0.344813 0.416644 0.127224
0.519390 -0.241251 0.596099 -0.828052 1.086020 -0.344812 0.416964 0.127692
0.519876 -0.240824 0.596651 -0.828223 1.085453 -0.344811 0.417285 0.128160
0.520362 -0.240397 0.597203 -0.828395 1.084886 -0.344811 0.417607 0.128628
0.520847 -0.239970 0.597755 -0.828566 1.084319 -0.344810 0.417929 0.129096
0.521331 -0.239542 0.598307 -0.828738 1.083752 -0.344810 0.418252 0.129565
0.521816 -0.239114 0.598859 -0.828909 1.083185 -0.344809 0.418575 0.130033
0.522300 -0.238686 0.599410 -0.829081 1.082618 -0.344809 0.418899 0.130501
0.522784 -0.238258 0.599961 -0.829253 1.082051 -0.344809 0.419223 0.130969
0.523267 -0.237830 0.600512 -0.829424 1.081484 -0.344809 0.419548 0.131437
0.523750 -0.237401 0.601062 -0.829596 1.080917 -0.344810 0.419874 0.131905
0.524232 -0.236972 0.601612 -0.829768 1.080350 -0.344810 0.420200 0.132373
0.524714 -0.236543 0.602162 -0.829940 1.079782 -0.344810 0.420527 0.132841
0.525196 -0.236114 0.602712 -0.830112 1.079215 -0.344811 0.420854 0.133309
0.525678 -0.235684 0.603262 -0.830284 1.078648 -0.344812 0.421181 0.133776
0.526159 -0.235255 0.603811 -0.830456 1.078080 -0.344813 0.421510 0.134244
0.526639 -0.234825 0.604360 -0.830628 1.077513 -0.344813 0.421839 0.134712
0.527119 -0.234395 0.604909 -0.830801 1.076946 -0.344815 0.422168 0.135180
0.527599 -0.233964 0.605458 -0.830973 1.076378 -0.344816 0.422498 0.135648
0.528079 -0.233534 0.606006 -0.831145 1.075811 -0.344817 0.422829 0.136116
0.528558 -0.233103 0.606554 -0.831317 1.075243 -0.344818 0.423160 0.136584
0.529037 -0.232672 0.607102 -0.831490 1.074675 -0.344820 0.423492 0.137051
0.529515 -0.232241 0.607650 -0.831662 1.074108 -0.344822 0.423824 0.137519
0.529993 -0.231809 0.608197 -0.831835 1.073540 -0.344823 0.424157 0.137987
0.530471 -0.231378 0.608744 -0.832007 1.072972 -0.344825 0.424490 0.138455
0.530948 -0.230946 0.609291 -0.832180 1.072404 -0.344827 0.424824 0.138922
0.531425 -0.230514 0.609838 -0.832352 1.071836 -0.344829 0.425158 0.139390
0.531902 -0.230081 0.610384 -0.832525 1.071268 -0.344832 0.425494 0.139858
0.532378 -0.229649 0.610930 -0.832698 1.070700 -0.344834 0.425829 0.140325
0.532854 -0.229216 0.611476 -0.832870 1.070132 -0.344837 0.426165 0.140793
0.533329 -0.228783 0.612022 -0.833043 1.069564 -0.344839 0.426502 0.141261
0.533804 -0.228350 0.612568 -0.833216 1.068996 -0.344842 0.426840 0.141728
0.534279 -0.227916 0.613113 -0.833389 1.068428 -0.344845 0.427177 0.142196
0.534753 -0.227483 0.613658 -0.833562 1.067860 -0.344848 0.427516 0.142663
0.535227 -0.227049 0.614203 -0.833735 1.067291 -0.344851 0.427855 0.143131
0.535700 -0.226615 0.614747 -0.833908 1.066723 -0.344854 0.428195 0.143599
0.536174 -0.226181 0.615292 -0.834081 1.066155 -0.344857 0.428535 0.144066
0.536646 -0.225746 0.615836 -0.834254 1.065586 -0.344861 0.428876 0.144534
0.537119 -0.225311 0.616380 -0.834427 1.065018 -0.344864 0.429217 0.145001
0.537591 -0.224876 0.616923 -0.834600 1.064449 -0.344868 0.429559 0.145469
0.538062 -0.224441 0.617467 -0.834773 1.063881 -0.344872 0.429902 0.145936
0.538534 -0.224006 0.618010 -0.834947 1.063312 -0.344876 0.430245 0.146404
0.539004 -0.223570 0.618553 -0.835120 1.062743 -0.344880 0.430588 0.146871
0.539475 -0.223134 0.619096 -0.835293 1.062174 -0.344884 0.430933 0.147338
0.539945 -0.222698 0.619638 -0.835466 1.061605 -0.344888 0.431277 0.147806
0.540415 -0.222262 0.620180 -0.835640 1.061037 -0.344893 0.431623 0.148273
0.540884 -0.221825 0.620722 -0.835813 1.060468 -0.344897 0.431969 0.148741
0.541353 -0.221389 0.621264 -0.835987 1.059898 -0.344902 0.432315 0.149208
0.541822 -0.220952 0.621806 -0.836160 1.059329 -0.344907 0.432662 0.149675
0.542290 -0.220515 0.622347 -0.836334 1.058760 -0.344912 0.433010 0.150143
0.542758 -0.220077 0.622888 -0.836507 1.058191 -0.344917 0.433358 0.150610
0.543225 -0.219640 0.623429 -0.836681 1.057622 -0.344922 0.433707 0.151077
0.543692 -0.219202 0.623970 -0.836854 1.057052 -0.344927 0.434057 0.151544
0.544159 -0.218764 0.624510 -0.837028 1.056483 -0.344932 0.434407 0.152012
0.544625 -0.218325 0.625050 -0.837202 1.055913 -0.344938 0.434758 0.152479
0.545091 -0.217887 0.625590 -0.837375 1.055344 -0.344944 0.435109 0.152946
0.545556 -0.217448 0.626130 -0.837549 1.054774 -0.344949 0.435461 0.153413
0.546021 -0.217009 0.626670 -0.837723 1.054205 -0.344955 0.435813 0.153880
0.546486 -0.216570 0.627209 -0.837897 1.053635 -0.344961 0.436166 0.154348
0.546950 -0.216130 0.627748 -0.838071 1.053065 -0.344967 0.436520 0.154815
0.547414 -0.215691 0.628287 -0.838244 1.052495 -0.344973 0.436874 0.155282
0.547878 -0.215251 0.628826 -0.838418 1.051925 -0.344980 0.437229 0.155749
0.548341 -0.214811 0.629364 -0.838592 1.051355 -0.344986 0.437584 0.156216
0.548804 -0.214370 0.629902 -0.838766 1.050785 -0.344993 0.437940 0.156683
0.549266 -0.213930 0.630440 -0.838940 1.050215 -0.345000 0.438296 0.157150
0.549728 -0.213489 0.630978 -0.839114 1.049645 -0.345006 0.438654 0.157617
0.550190 -0.213048 0.631516 -0.839288 1.049074 -0.345013 0.439011 0.158084
0.550651 -0.212607 0.632053 -0.839462 1.048504 -0.345021 0.439370 0.158551
0.551112 -0.212165 0.632590 -0.839637 1.047934 -0.345028 0.439729 0.159018
0.551573 -0.211723 0.633127 -0.839811 1.047363 -0.345035 0.440088 0.159485
0.552033 -0.211281 0.633664 -0.839985 1.046793 -0.345043 0.440448 0.159952
0.552492 -0.210839 0.634200 -0.840159 1.046222 -0.345050 0.440809 0.160419
0.552952 -0.210397 0.634736 -0.840333 1.045651 -0.345058 0.441170 0.160886
0.553411 -0.209954 0.635272 -0.840507 1.045080 -0.345066 0.441532 0.161353
0.553869 -0.209511 0.635808 -0.840682 1.044509 -0.345074 0.441895 0.161820
0.554327 -0.209068 0.636344 -0.840856 1.043938 -0.345082 0.442258 0.162287
0.554785 -0.208625 0.636879 -0.841030 1.043367 -0.345090 0.442622 0.162754
0.555242 -0.208181 0.637414 -0.841204 1.042796 -0.345098 0.442986 0.163220
0.555699 -0.207737 0.637949 -0.841379 1.042225 -0.345107 0.443351 0.163687
0.556156 -0.207293 0.638484 -0.841553 1.041654 -0.345115 0.443716 0.164154
0.556612 -0.206849 0.639018 -0.841727 1.041082 -0.345124 0.444082 0.164621
0.557068 -0.206405 0.639552 -0.841902 1.040511 -0.345133 0.444449 0.165088
0.557523 -0.205960 0.640087 -0.842076 1.039939 -0.345142 0.444817 0.165554
0.557978 -0.205515 0.640620 -0.842251 1.039368 -0.345151 0.445185 0.166021
0.558433 -0.205070 0.641154 -0.842425 1.038796 -0.345160 0.445553 0.166488
0.558887 -0.204624 0.641687 -0.842600 1.038224 -0.345169 0.445922 0.166954
0.559341 -0.204179 0.642221 -0.842774 1.037652 -0.345179 0.446292 0.167421
0.559794 -0.203733 0.642754 -0.842948 1.037080 -0.345188 0.446662 0.167888
0.560247 -0.203286 0.643286 -0.843123 1.036508 -0.345198 0.447034 0.168354
0.560700 -0.202840 0.643819 -0.843298 1.035936 -0.345208 0.447405 0.168821
0.561152 -0.202393 0.644351 -0.843472 1.035364 -0.345218 0.447777 0.169288
0.561604 -0.201947 0.644883 -0.843647 1.034791 -0.345228 0.448150 0.169754
0.562055 -0.201500 0.645415 -0.843821 1.034219 -0.345238 0.448524 0.170221
0.562506 -0.201052 0.645947 -0.843996 1.033646 -0.345248 0.448898 0.170687
0.562957 -0.200605 0.646479 -0.844170 1.033074 -0.345258 0.449273 0.171154
0.563407 -0.200157 0.647010 -0.844345 1.032501 -0.345269 0.449648 0.171621
0.563857 -0.199709 0.647541 -0.844520 1.031928 -0.345280 0.450024 0.172087
0.564306 -0.199261 0.648072 -0.844694 1.031356 -0.345290 0.450400 0.172553
0.564755 -0.198812 0.648603 -0.844869 1.030783 -0.345301 0.450778 0.173020
0.565204 -0.198363 0.649133 -0.845044 1.030210 -0.345312 0.451155 0.173486
0.565652 -0.197914 0.649663 -0.845218 1.029636 -0.345324 0.451534 0.173953
0.566100 -0.197465 0.650193 -0.845393 1.029063 -0.345335 0.451913 0.174419
0.566547 -0.197016 0.650723 -0.845568 1.028490 -0.345346 0.452293 0.174886
0.566994 -0.196566 0.651253 -0.845743 1.027916 -0.345358 0.452673 0.175352
0.567441 -0.196116 0.651782 -0.845917 1.027343 -0.345369 0.453054 0.175818
0.567887 -0.195666 0.652311 -0.846092 1.026769 -0.345381 0.453435 0.176285
0.568333 -0.195215 0.652840 -0.846267 1.026195 -0.345393 0.453818 0.176751
0.568778 -0.194765 0.653369 -0.846442 1.025622 -0.345405 0.454201 0.177217
0.569223 -0.194314 0.653898 -0.846616 1.025048 -0.345417 0.454584 0.177684
0.569668 -0.193862 0.654426 -0.846791 1.024474 -0.345430 0.454968 0.178150
0.570112 -0.193411 0.654954 -0.846966 1.023899 -0.345442 0.455353 0.178616
0.570556 -0.192959 0.655483 -0.847141 1.023325 -0.345454 0.455738 0.179082
0.570999 -0.192508 0.656010 -0.847315 1.022751 -0.345467 0.456124 0.179549
0.571442 -0.192055 0.656538 -0.847490 1.022176 -0.345480 0.456511 0.180015
0.571885 -0.191603 0.657065 -0.847665 1.021602 -0.345493 0.456898 0.180481
0.572327 -0.191150 0.657592 -0.847840 1.021027 -0.345506 0.457286 0.180947
0.572769 -0.190697 0.658119 -0.848015 1.020452 -0.345519 0.457675 0.181413
0.573210 -0.190244 0.658646 -0.848190 1.019877 -0.345532 0.458064 0.181880
0.573651 -0.189791 0.659173 -0.848364 1.019302 -0.345546 0.458454 0.182346
0.574092 -0.189337 0.659699 -0.848539 1.018727 -0.345559 0.458844 0.182812
0.574532 -0.188884 0.660225 -0.848714 1.018152 -0.345573 0.459235 0.183278
0.574971 -0.188429 0.660751 -0.848889 1.017577 -0.345586 0.459627 0.183744
0.575411 -0.187975 0.661277 -0.849064 1.017001 -0.345600 0.460019 0.184210
0.575850 -0.187520 0.661803 -0.849239 1.016426 -0.345614 0.460412 0.184676
0.576288 -0.187066 0.662328 -0.849413 1.015850 -0.345628 0.460806 0.185142
0.576726 -0.186611 0.662853 -0.849588 1.015274 -0.345643 0.461200 0.185608
0.577164 -0.186155 0.663378 -0.849763 1.014698 -0.345657 0.461595 0.186074
0.577601 -0.185700 0.663903 -0.849938 1.014122 -0.345672 0.461991 0.186540
0.578038 -0.185244 0.664428 -0.850113 1.013546 -0.345686 0.462387 0.187006
0.578474 -0.184788 0.664952 -0.850288 1.012970 -0.345701 0.462784 0.187472
0.578910 -0.184331 0.665476 -0.850463 1.012394 -0.345716 0.463182 0.187938
0.579346 -0.183875 0.666000 -0.850637 1.011817 -0.345731 0.463580 0.188403
0.579781 -0.183418 0.666524 -0.850812 1.011240 -0.345746 0.463979 0.188869
0.580216 -0.182961 0.667048 -0.850987 1.010664 -0.345761 0.464378 0.189335
0.580650 -0.182503 0.667571 -0.851162 1.010087 -0.345777 0.464779 0.189801
0.581084 -0.182046 0.668095 -0.851337 1.009510 -0.345792 0.465180 0.190267
0.581518 -0.181588 0.668618 -0.851512 1.008933 -0.345808 0.465581 0.190732
0.581951 -0.181130 0.669141 -0.851686 1.008356 -0.345824 0.465983 0.191198
0.582384 -0.180671 0.669663 -0.851861 1.007778 -0.345839 0.466386 0.191664
0.582816 -0.180213 0.670186 -0.852036 1.007201 -0.345855 0.466790 0.192130
0.583248 -0.179754 0.670708 -0.852211 1.006623 -0.345872 0.467194 0.192595
0.583679 -0.179295 0.671230 -0.852386 1.006045 -0.345888 0.467599 0.193061
0.584110 -0.178835 0.671752 -0.852561 1.005468 -0.345904 0.468004 0.193527
0.584541 -0.178376 0.672274 -0.852735 1.004890 -0.345921 0.468410 0.193992
0.584971 -0.177916 0.672795 -0.852910 1.004312 -0.345937 0.468817 0.194458
0.585401 -0.177456 0.673317 -0.853085 1.003733 -0.345954 0.469225 0.194924
0.585830 -0.176995 0.673838 -0.853260 1.003155 -0.345971 0.469633 0.195389
0.586259 -0.176535 0.674359 -0.853434 1.002576 -0.345988 0.470042 0.195855
0.586688 -0.176074 0.674879 -0.853609 1.001998 -0.346005 0.470451 0.196320
0.587116 -0.175613 0.675400 -0.853784 1.001419 -0.346022 0.470862 0.196786
0.587543 -0.175151 0.675920 -0.853959 1.000840 -0.346040 0.471272 0.197251
0.587971 -0.174689 0.676441 -0.854133 1.000261 -0.346057 0.471684 0.197717
0.588397 -0.174227 0.676961 -0.854308 0.999682 -0.346075 0.472096 0.198182
0.588824 -0.173765 0.677481 -0.854483 0.999102 -0.346093 0.472509 0.198648
0.589250 -0.173303 0.678000 -0.854658 0.998523 -0.346111 0.472923 0.199113
0.589675 -0.172840 0.678520 -0.854832 0.997943 -0.346129 0.473337 0.199578
0.590100 -0.172377 0.679039 -0.855007 0.997364 -0.346147 0.473752 0.200044
0.590525 -0.171914 0.679558 -0.855182 0.996784 -0.346165 0.474168 0.200509
0.590949 -0.171450 0.680077 -0.855356 0.996204 -0.346183 0.474584 0.200974
0.591373 -0.170986 0.680596 -0.855531 0.995623 -0.346202 0.475001 0.201440
0.591797 -0.170522 0.681114 -0.855706 0.995043 -0.346221 0.475419 0.201905
0.592220 -0.170058 0.681633 -0.855880 0.994463 -0.346239 0.475837 0.202370
0.592642 -0.169593 0.682151 -0.856055 0.993882 -0.346258 0.476256 0.202836
0.593064 -0.169129 0.682669 -0.856229 0.993301 -0.346277 0.476676 0.203301
0.593486 -0.168663 0.683187 -0.856404 0.992720 -0.346296 0.477096 0.203766
0.593907 -0.168198 0.683704 -0.856578 0.992139 -0.346316 0.477517 0.204231
0.594328 -0.167732 0.684222 -0.856753 0.991558 -0.346335 0.477939 0.204696
0.594748 -0.167266 0.684739 -0.856928 0.990977 -0.346355 0.478362 0.205161
0.595168 -0.166800 0.685256 -0.857102 0.990395 -0.346374 0.478785 0.205627
0.595588 -0.166334 0.685773 -0.857276 0.989813 -0.346394 0.479209 0.206092
0.596007 -0.165867 0.686290 -0.857451 0.989231 -0.346414 0.479634 0.206557
0.596426 -0.165400 0.686807 -0.857625 0.988649 -0.346434 0.480059 0.207022
0.596844 -0.164933 0.687323 -0.857800 0.988067 -0.346454 0.480485 0.207487
0.597262 -0.164465 0.687839 -0.857974 0.987485 -0.346474 0.480912 0.207952
0.597679 -0.163998 0.688355 -0.858149 0.986903 -0.346495 0.481339 0.208417
0.598096 -0.163529 0.688871 -0.858323 0.986320 -0.346515 0.481767 0.208882
0.598513 -0.163061 0.689387 -0.858497 0.985737 -0.346536 0.482196 0.209347
0.598929 -0.162592 0.689902 -0.858672 0.985154 -0.346557 0.482626 0.209812
0.599344 -0.162124 0.690418 -0.858846 0.984571 -0.346577 0.483056 0.210276
0.599760 -0.161654 0.690933 -0.859020 0.983988 -0.346598 0.483487 0.210741
0.600174 -0.161185 0.691448 -0.859195 0.983404 -0.346620 0.483919 0.211206
0.600589 -0.160715 0.691963 -0.859369 0.982821 -0.346641 0.484351 0.211671
0.601003 -0.160245 0.692477 -0.859543 0.982237 -0.346662 0.484784 0.212136
0.601416 -0.159775 0.692992 -0.859717 0.981653 -0.346684 0.485218 0.212601
0.601829 -0.159305 0.693506 -0.859891 0.981069 -0.346705 0.485653 0.213065
0.602242 -0.158834 0.694020 -0.860066 0.980484 -0.346727 0.486088 0.213530
0.602654 -0.158363 0.694534 -0.860240 0.979900 -0.346749 0.486524 0.213995
0.603065 -0.157891 0.695048 -0.860414 0.979315 -0.346771 0.486961 0.214459
0.603477 -0.157420 0.695562 -0.860588 0.978731 -0.346793 0.487398 0.214924
0.603887 -0.156948 0.696075 -0.860762 0.978146 -0.346816 0.487836 0.215389
0.604298 -0.156475 0.696589 -0.860936 0.977560 -0.346838 0.488275 0.215853
0.604708 -0.156003 0.697102 -0.861110 0.976975 -0.346860 0.488715 0.216318
0.605117 -0.155530 0.697615 -0.861284 0.976390 -0.346883 0.489155 0.216782
0.605526 -0.155057 0.698128 -0.861458 0.975804 -0.346906 0.489596 0.217247
0.605935 -0.154584 0.698640 -0.861632 0.975218 -0.346929 0.490038 0.217712
0.606343 -0.154110 0.699153 -0.861806 0.974632 -0.346952 0.490480 0.218176
0.606751 -0.153636 0.699665 -0.861979 0.974046 -0.346975 0.490924 0.218640
0.607158 -0.153162 0.700177 -0.862153 0.973459 -0.346998 0.491368 0.219105
0.607565 -0.152688 0.700689 -0.862327 0.972873 -0.347022 0.491812 0.219569
0.607971 -0.152213 0.701201 -0.862501 0.972286 -0.347045 0.492258 0.220034
0.608377 -0.151738 0.701713 -0.862675 0.971699 -0.347069 0.492704 0.220498
0.608782 -0.151263 0.702224 -0.862848 0.971112 -0.347093 0.493151 0.220962
0.609187 -0.150787 0.702736 -0.863022 0.970524 -0.347117 0.493599 0.221427
0.609592 -0.150311 0.703247 -0.863196 0.969937 -0.347141 0.494047 0.221891
0.609996 -0.149835 0.703758 -0.863369 0.969349 -0.347165 0.494496 0.222355
0.610400 -0.149359 0.704269 -0.863543 0.968761 -0.347189 0.494946 0.222820
0.610803 -0.148882 0.704779 -0.863716 0.968173 -0.347213 0.495397 0.223284
0.611206 -0.148405 0.705290 -0.863890 0.967584 -0.347238 0.495849 0.223748
0.611608 -0.147928 0.705800 -0.864063 0.966996 -0.347263 0.496301 0.224212
0.612010 -0.147450 0.706311 -0.864237 0.966407 -0.347287 0.496754 0.224676
0.612411 -0.146972 0.706821 -0.864410 0.965818 -0.347312 0.497207 0.225140
0.612812 -0.146494 0.707330 -0.864584 0.965229 -0.347337 0.497662 0.225604
0.613212 -0.146016 0.707840 -0.864757 0.964640 -0.347362 0.498117 0.226068
0.613612 -0.145537 0.708350 -0.864930 0.964050 -0.347388 0.498573 0.226533
0.614012 -0.145058 0.708859 -0.865103 0.963461 -0.347413 0.499030 0.226997
0.614411 -0.144578 0.709369 -0.865277 0.962871 -0.347439 0.499487 0.227460
0.614810 -0.144099 0.709878 -0.865450 0.962280 -0.347464 0.499946 0.227924
0.615208 -0.143619 0.710387 -0.865623 0.961690 -0.347490 0.500405 0.228388
0.615605 -0.143139 0.710895 -0.865796 0.961100 -0.347516 0.500864 0.228852
0.616003 -0.142658 0.711404 -0.865969 0.960509 -0.347542 0.501325 0.229316
0.616400 -0.142177 0.711913 -0.866142 0.959918 -0.347568 0.501786 0.229780
0.616796 -0.141696 0.712421 -0.866315 0.959327 -0.347594 0.502248 0.230244
0.617192 -0.141215 0.712929 -0.866488 0.958735 -0.347621 0.502711 0.230708
0.617587 -0.140733 0.713437 -0.866661 0.958143 -0.347647 0.503175 0.231171
0.617982 -0.140251 0.713945 -0.866834 0.957552 -0.347674 0.503639 0.231635
0.618376 -0.139769 0.714453 -0.867007 0.956960 -0.347701 0.504105 0.232099
0.618770 -0.139286 0.714961 -0.867180 0.956367 -0.347728 0.504571 0.232562
0.619164 -0.138803 0.715468 -0.867352 0.955775 -0.347755 0.505037 0.233026
0.619557 -0.138320 0.715975 -0.867525 0.955182 -0.347782 0.505505 0.233490
0.619950 -0.137837 0.716482 -0.867698 0.954589 -0.347809 0.505973 0.233953
0.620342 -0.137353 0.716990 -0.867870 0.953996 -0.347837 0.506442 0.234417
0.620733 -0.136869 0.717496 -0.868043 0.953402 -0.347864 0.506912 0.234880
0.621125 -0.136384 0.718003 -0.868216 0.952809 -0.347892 0.507383 0.235344
0.621515 -0.135900 0.718510 -0.868388 0.952215 -0.347919 0.507855 0.235807
0.621906 -0.135414 0.719016 -0.868560 0.951621 -0.347947 0.508327 0.236271
0.622295 -0.134929 0.719522 -0.868733 0.951026 -0.347975 0.508800 0.236734
0.622685 -0.134444 0.720029 -0.868905 0.950432 -0.348004 0.509274 0.237198
0.623074 -0.133958 0.720535 -0.869078 0.949837 -0.348032 0.509749 0.237661
0.623462 -0.133471 0.721040 -0.869250 0.949242 -0.348060 0.510224 0.238124
0.623850 -0.132985 0.721546 -0.869422 0.948647 -0.348089 0.510700 0.238587
0.624237 -0.132498 0.722052 -0.869594 0.948051 -0.348117 0.511177 0.239051
0.624624 -0.132011 0.722557 -0.869766 0.947456 -0.348146 0.511655 0.239514
0.625011 -0.131523 0.723062 -0.869938 0.946860 -0.348175 0.512134 0.239977
0.625397 -0.131036 0.723568 -0.870111 0.946263 -0.348204 0.512614 0.240440
0.625782 -0.130547 0.724073 -0.870282 0.945667 -0.348233 0.513094 0.240903
0.626167 -0.130059 0.724578 -0.870454 0.945070 -0.348262 0.513575 0.241367
0.626552 -0.129570 0.725082 -0.870626 0.944473 -0.348292 0.514057 0.241830
0.626936 -0.129081 0.725587 -0.870798 0.943876 -0.348321 0.514540 0.242293
0.627319 -0.128592 0.726091 -0.870970 0.943279 -0.348351 0.515023 0.242756
0.627703 -0.128102 0.726596 -0.871142 0.942681 -0.348381 0.515508 0.243219
0.628085 -0.127612 0.727100 -0.871313 0.942083 -0.348411 0.515993 0.243682
0.628467 -0.127122 0.727604 -0.871485 0.941485 -0.348441 0.516479 0.244145
0.628849 -0.126631 0.728108 -0.871657 0.940886 -0.348471 0.516966 0.244607
0.629230 -0.126141 0.728612 -0.871828 0.940287 -0.348501 0.517454 0.245070
0.629611 -0.125649 0.729115 -0.872000 0.939689 -0.348531 0.517942 0.245533
0.629991 -0.125158 0.729619 -0.872171 0.939089 -0.348562 0.518431 0.245996
0.630371 -0.124666 0.730122 -0.872342 0.938490 -0.348593 0.518922 0.246459
0.630750 -0.124174 0.730626 -0.872514 0.937890 -0.348623 0.519413 0.246921
0.631129 -0.123681 0.731129 -0.872685 0.937290 -0.348654 0.519905 0.247384
0.631507 -0.123188 0.731632 -0.872856 0.936690 -0.348685 0.520397 0.247847
0.631885 -0.122695 0.732135 -0.873027 0.936089 -0.348716 0.520891 0.248309
0.632262 -0.122202 0.732637 -0.873198 0.935488 -0.348748 0.521385 0.248772
0.632639 -0.121708 0.733140 -0.873369 0.934887 -0.348779 0.521880 0.249234
0.633015 -0.121214 0.733642 -0.873540 0.934286 -0.348810 0.522377 0.249697
0.633391 -0.120719 0.734145 -0.873711 0.933684 -0.348842 0.522874 0.250159
0.633766 -0.120225 0.734647 -0.873882 0.933082 -0.348874 0.523371 0.250622
0.634141 -0.119729 0.735149 -0.874053 0.932480 -0.348906 0.523870 0.251084
0.634515 -0.119234 0.735651 -0.874224 0.931877 -0.348938 0.524369 0.251547
0.634889 -0.118738 0.736153 -0.874394 0.931275 -0.348970 0.524870 0.252009
0.635262 -0.118242 0.736655 -0.874565 0.930671 -0.349002 0.525371 0.252471
0.635635 -0.117746 0.737156 -0.874736 0.930068 -0.349034 0.525873 0.252934
0.636008 -0.117249 0.737658 -0.874906 0.929464 -0.349067 0.526376 0.253396
0.636379 -0.116752 0.738159 -0.875076 0.928861 -0.349099 0.526880 0.253858
0.636751 -0.116255 0.738660 -0.875247 0.928256 -0.349132 0.527384 0.254320
0.637122 -0.115757 0.739162 -0.875417 0.927652 -0.349165 0.527890 0.254782
0.637492 -0.115259 0.739663 -0.875587 0.927047 -0.349198 0.528396 0.255245
0.637862 -0.114760 0.740164 -0.875758 0.926442 -0.349231 0.528904 0.255707
0.638231 -0.114262 0.740664 -0.875928 0.925837 -0.349264 0.529412 0.256169
0.638600 -0.113763 0.741165 -0.876098 0.925231 -0.349297 0.529921 0.256631
0.638968 -0.113263 0.741665 -0.876268 0.924625 -0.349331 0.530431 0.257093
0.639336 -0.112763 0.742166 -0.876438 0.924019 -0.349364 0.530941 0.257554
0.639703 -0.112263 0.742666 -0.876608 0.923412 -0.349398 0.531453 0.258016
0.640070 -0.111763 0.743166 -0.876777 0.922805 -0.349432 0.531966 0.258478
0.640436 -0.111262 0.743666 -0.876947 0.922198 -0.349466 0.532479 0.258940
0.640802 -0.110761 0.744166 -0.877117 0.921591 -0.349500 0.532993 0.259402
0.641167 -0.110260 0.744666 -0.877287 0.920983 -0.349534 0.533509 0.259863
0.641532 -0.109758 0.745166 -0.877456 0.920375 -0.349568 0.534025 0.260325
0.641896 -0.109256 0.745666 -0.877626 0.919766 -0.349603 0.534542 0.260787
0.642260 -0.108753 0.746165 -0.877795 0.919157 -0.349637 0.535060 0.261248
0.642623 -0.108250 0.746665 -0.877964 0.918548 -0.349672 0.535579 0.261710
0.642986 -0.107747 0.747164 -0.878134 0.917939 -0.349707 0.536098 0.262172
0.643348 -0.107244 0.747663 -0.878303 0.917329 -0.349742 0.536619 0.262633
0.643710 -0.106740 0.748162 -0.878472 0.916719 -0.349777 0.537140 0.263095
0.644071 -0.106236 0.748661 -0.878641 0.916109 -0.349812 0.537663 0.263556
0.644431 -0.105731 0.749160 -0.878810 0.915498 -0.349847 0.538186 0.264017
0.644792 -0.105226 0.749659 -0.878979 0.914887 -0.349883 0.538710 0.264479
0.645151 -0.104721 0.750157 -0.879148 0.914276 -0.349918 0.539236 0.264940
0.645510 -0.104216 0.750656 -0.879317 0.913664 -0.349954 0.539762 0.265401
0.645869 -0.103710 0.751154 -0.879485 0.913052 -0.349989 0.540289 0.265862
0.646227 -0.103203 0.751653 -0.879654 0.912440 -0.350025 0.540817 0.266324
0.646584 -0.102697 0.752151 -0.879823 0.911827 -0.350061 0.541346 0.266785
0.646941 -0.102190 0.752649 -0.879991 0.911214 -0.350097 0.541875 0.267246
0.647298 -0.101682 0.753147 -0.880159 0.910601 -0.350134 0.542406 0.267707
0.647654 -0.101175 0.753645 -0.880328 0.909987 -0.350170 0.542938 0.268168
0.648009 -0.100667 0.754143 -0.880496 0.909373 -0.350206 0.543470 0.268629
0.648364 -0.100158 0.754641 -0.880664 0.908759 -0.350243 0.544004 0.269090
0.648718 -0.099650 0.755138 -0.880832 0.908144 -0.350280 0.544538 0.269551
0.649072 -0.099140 0.755636 -0.881001 0.907529 -0.350317 0.545074 0.270012
0.649425 -0.098631 0.756133 -0.881168 0.906913 -0.350354 0.545610 0.270472
0.649778 -0.098121 0.756631 -0.881336 0.906298 -0.350391 0.546148 0.270933
0.650130 -0.097611 0.757128 -0.881504 0.905681 -0.350428 0.546686 0.271394
0.650482 -0.097100 0.757625 -0.881672 0.905065 -0.350465 0.547225 0.271854
0.650833 -0.096589 0.758122 -0.881840 0.904448 -0.350503 0.547765 0.272315
0.651184 -0.096078 0.758619 -0.882007 0.903831 -0.350540 0.548306 0.272776
0.651534 -0.095567 0.759116 -0.882175 0.903213 -0.350578 0.548848 0.273236
0.651883 -0.095055 0.759613 -0.882342 0.902595 -0.350616 0.549391 0.273697
0.652232 -0.094542 0.760110 -0.882509 0.901977 -0.350653 0.549935 0.274157
0.652581 -0.094029 0.760606 -0.882677 0.901358 -0.350691 0.550480 0.274618
0.652928 -0.093516 0.761103 -0.882844 0.900739 -0.350730 0.551026 0.275078
0.653276 -0.093003 0.761599 -0.883011 0.900120 -0.350768 0.551573 0.275538
0.653623 -0.092489 0.762096 -0.883178 0.899500 -0.350806 0.552121 0.275999
0.653969 -0.091975 0.762592 -0.883345 0.898880 -0.350845 0.552670 0.276459
0.654315 -0.091460 0.763088 -0.883512 0.898259 -0.350883 0.553220 0.276919
0.654660 -0.090945 0.763584 -0.883679 0.897638 -0.350922 0.553771 0.277379
0.655004 -0.090430 0.764080 -0.883845 0.897017 -0.350961 0.554323 0.277839
0.655348 -0.089914 0.764576 -0.884012 0.896395 -0.351000 0.554875 0.278299
0.655692 -0.089398 0.765072 -0.884179 0.895773 -0.351039 0.555429 0.278759
0.656035 -0.088882 0.765568 -0.884345 0.895150 -0.351078 0.555984 0.279219
0.656377 -0.088365 0.766063 -0.884511 0.894527 -0.351117 0.556540 0.279679
0.656719 -0.087848 0.766559 -0.884678 0.893904 -0.351157 0.557097 0.280139
0.657061 -0.087330 0.767054 -0.884844 0.893280 -0.351196 0.557655 0.280599
0.657401 -0.086812 0.767550 -0.885010 0.892656 -0.351236 0.558213 0.281058
0.657742 -0.086294 0.768045 -0.885176 0.892031 -0.351276 0.558773 0.281518
0.658081 -0.085775 0.768541 -0.885342 0.891407 -0.351316 0.559334 0.281978
0.658420 -0.085256 0.769036 -0.885508 0.890781 -0.351356 0.559896 0.282437
0.658759 -0.084737 0.769531 -0.885673 0.890155 -0.351396 0.560459 0.282897
0.659097 -0.084217 0.770026 -0.885839 0.889529 -0.351436 0.561023 0.283357
0.659434 -0.083696 0.770521 -0.886005 0.888903 -0.351476 0.561587 0.283816
0.659771 -0.083176 0.771016 -0.886170 0.888276 -0.351517 0.562153 0.284275
0.660107 -0.082655 0.771511 -0.886336 0.887648 -0.351557 0.562720 0.284735
0.660443 -0.082133 0.772006 -0.886501 0.887020 -0.351598 0.563288 0.285194
0.660778 -0.081612 0.772500 -0.886666 0.886392 -0.351639 0.563857 0.285653
0.661113 -0.081089 0.772995 -0.886831 0.885763 -0.351680 0.564427 0.286113
0.661447 -0.080567 0.773490 -0.886996 0.885134 -0.351721 0.564998 0.286572
0.661780 -0.080044 0.773984 -0.887161 0.884504 -0.351762 0.565571 0.287031
0.662113 -0.079520 0.774479 -0.887326 0.883874 -0.351803 0.566144 0.287490
0.662446 -0.078997 0.774973 -0.887491 0.883244 -0.351845 0.566718 0.287949
0.662777 -0.078473 0.775467 -0.887655 0.882613 -0.351886 0.567293 0.288408
0.663108 -0.077948 0.775962 -0.887820 0.881982 -0.351928 0.567870 0.288867
0.663439 -0.077423 0.776456 -0.887985 0.881350 -0.351970 0.568447 0.289326
0.663769 -0.076898 0.776950 -0.888149 0.880718 -0.352012 0.569025 0.289784
0.664099 -0.076372 0.777444 -0.888313 0.880085 -0.352053 0.569605 0.290243
0.664427 -0.075846 0.777938 -0.888477 0.879452 -0.352096 0.570185 0.290702
0.664756 -0.075319 0.778432 -0.888642 0.878818 -0.352138 0.570767 0.291161
0.665083 -0.074792 0.778926 -0.888806 0.878184 -0.352180 0.571350 0.291619
0.665410 -0.074265 0.779420 -0.888969 0.877550 -0.352222 0.571934 0.292078
0.665737 -0.073737 0.779913 -0.889133 0.876915 -0.352265 0.572519 0.292536
0.666063 -0.073209 0.780407 -0.889297 0.876279 -0.352308 0.573105 0.292995
0.666388 -0.072681 0.780901 -0.889461 0.875643 -0.352350 0.573692 0.293453
0.666713 -0.072152 0.781395 -0.889624 0.875007 -0.352393 0.574280 0.293911
0.667037 -0.071622 0.781888 -0.889787 0.874370 -0.352436 0.574869 0.294369
0.667361 -0.071093 0.782382 -0.889951 0.873733 -0.352479 0.575459 0.294828
0.667684 -0.070563 0.782875 -0.890114 0.873095 -0.352523 0.576051 0.295286
0.668006 -0.070032 0.783369 -0.890277 0.872456 -0.352566 0.576643 0.295744
0.668328 -0.069501 0.783862 -0.890440 0.871818 -0.352609 0.577237 0.296202
0.668649 -0.068970 0.784355 -0.890603 0.871178 -0.352653 0.577831 0.296660
0.668970 -0.068438 0.784849 -0.890766 0.870538 -0.352696 0.578427 0.297118
0.669290 -0.067906 0.785342 -0.890929 0.869898 -0.352740 0.579024 0.297576
0.669609 -0.067373 0.785835 -0.891091 0.869257 -0.352784 0.579622 0.298034
0.669928 -0.066840 0.786328 -0.891254 0.868616 -0.352828 0.580222 0.298491
0.670246 -0.066306 0.786821 -0.891416 0.867974 -0.352872 0.580822 0.298949
0.670564 -0.065773 0.787314 -0.891578 0.867332 -0.352916 0.581423 0.299407
0.670881 -0.065238 0.787808 -0.891741 0.866689 -0.352961 0.582026 0.299864
0.671197 -0.064703 0.788301 -0.891903 0.866046 -0.353005 0.582630 0.300322
0.671513 -0.064168 0.788794 -0.892065 0.865402 -0.353050 0.583234 0.300779
0.671829 -0.063633 0.789286 -0.892226 0.864758 -0.353094 0.583840 0.301237
0.672143 -0.063097 0.789779 -0.892388 0.864113 -0.353139 0.584448 0.301694
0.672457 -0.062560 0.790272 -0.892550 0.863467 -0.353184 0.585056 0.302151
0.672770 -0.062024 0.790765 -0.892711 0.862822 -0.353229 0.585665 0.302608
0.673083 -0.061487 0.791257 -0.892872 0.862176 -0.353274 0.586275 0.303065
0.673394 -0.060951 0.791748 -0.893033 0.861531 -0.353319 0.586885 0.303520
0.673704 -0.060415 0.792239 -0.893194 0.860887 -0.353364 0.587495 0.303975
0.674013 -0.059881 0.792728 -0.893354 0.860243 -0.353409 0.588105 0.304429
0.674320 -0.059347 0.793216 -0.893513 0.859600 -0.353454 0.588714 0.304882
0.674626 -0.058814 0.793702 -0.893672 0.858960 -0.353499 0.589323 0.305333
0.674930 -0.058283 0.794187 -0.893830 0.858320 -0.353544 0.589930 0.305782
0.675232 -0.057754 0.794670 -0.893988 0.857683 -0.353589 0.590536 0.306230
0.675532 -0.057227 0.795150 -0.894144 0.857049 -0.353634 0.591141 0.306675
0.675830 -0.056702 0.795628 -0.894300 0.856417 -0.353679 0.591743 0.307118
0.676126 -0.056179 0.796103 -0.894455 0.855788 -0.353723 0.592344 0.307558
0.676420 -0.055659 0.796576 -0.894608 0.855162 -0.353767 0.592941 0.307996
0.676711 -0.055143 0.797045 -0.894761 0.854540 -0.353812 0.593536 0.308431
0.676999 -0.054629 0.797511 -0.894912 0.853922 -0.353856 0.594128 0.308863
0.677285 -0.054119 0.797973 -0.895062 0.853308 -0.353899 0.594717 0.309291
0.677567 -0.053613 0.798431 -0.895211 0.852699 -0.353943 0.595301 0.309716
0.677847 -0.053111 0.798886 -0.895359 0.852094 -0.353986 0.595882 0.310137
0.678123 -0.052613 0.799336 -0.895504 0.851494 -0.354029 0.596458 0.310554
0.678397 -0.052120 0.799782 -0.895649 0.850900 -0.354071 0.597030 0.310967
0.678667 -0.051631 0.800223 -0.895792 0.850312 -0.354113 0.597596 0.311375
0.678933 -0.051148 0.800660 -0.895933 0.849729 -0.354155 0.598158 0.311779
0.679196 -0.050669 0.801091 -0.896072 0.849153 -0.354196 0.598714 0.312178
0.679455 -0.050197 0.801517 -0.896210 0.848584 -0.354237 0.599263 0.312573
0.679710 -0.049730 0.801937 -0.896345 0.848022 -0.354278 0.599807 0.312962
0.679962 -0.049269 0.802352 -0.896479 0.847466 -0.354318 0.600344 0.313345
0.680209 -0.048815 0.802760 -0.896611 0.846919 -0.354357 0.600874 0.313723
0.680452 -0.048367 0.803163 -0.896741 0.846379 -0.354396 0.601397 0.314096
0.680691 -0.047926 0.803559 -0.896868 0.845848 -0.354435 0.601913 0.314462
0.680925 -0.047492 0.803948 -0.896993 0.845325 -0.354472 0.602420 0.314822
0.681155 -0.047066 0.804331 -0.897116 0.844811 -0.354510 0.602920 0.315176
0.681380 -0.046647 0.804706 -0.897237 0.844306 -0.354546 0.603410 0.315523
0.681600 -0.046236 0.805074 -0.897355 0.843810 -0.354582 0.603892 0.315863
0.681816 -0.045833 0.805435 -0.897471 0.843324 -0.354617 0.604366 0.316197
0.682027 -0.045438 0.805788 -0.897584 0.842848 -0.354652 0.604830 0.316523
0.682233 -0.045051 0.806134 -0.897695 0.842381 -0.354686 0.605285 0.316843
0.682434 -0.044672 0.806472 -0.897804 0.841924 -0.354719 0.605731 0.317156
0.682631 -0.044301 0.806804 -0.897910 0.841477 -0.354752 0.606167 0.317462
0.682823 -0.043938 0.807127 -0.898014 0.841040 -0.354784 0.606595 0.317761
0.683010 -0.043584 0.807444 -0.898115 0.840612 -0.354815 0.607013 0.318053
0.683193 -0.043237 0.807753 -0.898214 0.840194 -0.354845 0.607422 0.318339
0.683371 -0.042898 0.808054 -0.898310 0.839785 -0.354875 0.607822 0.318617
0.683544 -0.042568 0.808349 -0.898404 0.839387 -0.354904 0.608213 0.318889
0.683713 -0.042246 0.808635 -0.898496 0.838998 -0.354933 0.608594 0.319154
0.683877 -0.041932 0.808915 -0.898585 0.838619 -0.354961 0.608966 0.319412
0.684037 -0.041626 0.809187 -0.898672 0.838249 -0.354988 0.609328 0.319663
0.684192 -0.041328 0.809452 -0.898756 0.837890 -0.355014 0.609681 0.319908
0.684343 -0.041038 0.809709 -0.898838 0.837540 -0.355040 0.610025 0.320145
0.684489 -0.040757 0.809959 -0.898918 0.837201 -0.355064 0.610359 0.320376
0.684631 -0.040484 0.810201 -0.898995 0.836871 -0.355089 0.610683 0.320600
0.684768 -0.040219 0.810437 -0.899070 0.836551 -0.355112 0.610998 0.320817
0.684901 -0.039962 0.810664 -0.899142 0.836241 -0.355135 0.611303 0.321027
0.685029 -0.039713 0.810885 -0.899212 0.835940 -0.355157 0.611599 0.321230
0.685153 -0.039473 0.811098 -0.899280 0.835650 -0.355178 0.611885 0.321427
0.685272 -0.039241 0.811304 -0.899345 0.835370 -0.355199 0.612161 0.321616
0.685387 -0.039017 0.811502 -0.899408 0.835100 -0.355219 0.612427 0.321799
0.685498 -0.038802 0.811693 -0.899469 0.834839 -0.355238 0.612684 0.321975
0.685604 -0.038594 0.811876 -0.899527 0.834589 -0.355256 0.612931 0.322144
0.685706 -0.038395 0.812052 -0.899583 0.834349 -0.355274 0.613169 0.322307
0.685804 -0.038205 0.812221 -0.899637 0.834118 -0.355291 0.613396 0.322462
0.685897 -0.038022 0.812382 -0.899688 0.833898 -0.355307 0.613614 0.322611
0.685986 -0.037848 0.812536 -0.899737 0.833687 -0.355323 0.613822 0.322753
0.686070 -0.037682 0.812683 -0.899783 0.833487 -0.355338 0.614020 0.322888
0.686151 -0.037525 0.812822 -0.899827 0.833297 -0.355352 0.614208 0.323016
0.686227 -0.037376 0.812954 -0.899869 0.833117 -0.355365 0.614386 0.323138
0.686298 -0.037235 0.813078 -0.899908 0.832946 -0.355378 0.614555 0.323252
0.686366 -0.037102 0.813195 -0.899945 0.832786 -0.355389 0.614713 0.323360
0.686429 -0.036978 0.813305 -0.899980 0.832636 -0.355401 0.614862 0.323462
0.686488 -0.036861 0.813408 -0.900013 0.832495 -0.355411 0.615002 0.323557
0.686543 -0.036752 0.813505 -0.900044 0.832362 -0.355421 0.615133 0.323646
0.686595 -0.036650 0.813595 -0.900072 0.832239 -0.355430 0.615255 0.323729
0.686643 -0.036555 0.813679 -0.900099 0.832124 -0.355438 0.615369 0.323806
0.686688 -0.036466 0.813757 -0.900123 0.832018 -0.355446 0.615474 0.323878
0.686729 -0.036385 0.813829 -0.900146 0.831919 -0.355453 0.615572 0.323944
0.686767 -0.036309 0.813895 -0.900167 0.831828 -0.355460 0.615663 0.324005
0.686802 -0.036240 0.813956 -0.900186 0.831744 -0.355466 0.615746 0.324062
0.686835 -0.036176 0.814013 -0.900204 0.831667 -0.355472 0.615822 0.324113
0.686864 -0.036118 0.814064 -0.900220 0.831597 -0.355477 0.615892 0.324161
0.686891 -0.036065 0.814110 -0.900235 0.831533 -0.355482 0.615955 0.324204
0.686915 -0.036017 0.814153 -0.900248 0.831475 -0.355486 0.616012 0.324242
0.686936 -0.035974 0.814191 -0.900260 0.831423 -0.355490 0.616064 0.324277
0.686956 -0.035936 0.814224 -0.900271 0.831376 -0.355494 0.616110 0.324309
0.686973 -0.035902 0.814255 -0.900281 0.831335 -0.355497 0.616151 0.324336
0.686988 -0.035871 0.814281 -0.900289 0.831298 -0.355499 0.616188 0.324361
0.687002 -0.035845 0.814305 -0.900296 0.831266 -0.355502 0.616219 0.324383
0.687013 -0.035822 0.814325 -0.900303 0.831239 -0.355504 0.616247 0.324401
0.687023 -0.035802 0.814342 -0.900308 0.831215 -0.355506 0.616270 0.324417
0.687032 -0.035786 0.814357 -0.900313 0.831195 -0.355507 0.616290 0.324431
0.687039 -0.035772 0.814369 -0.900317 0.831178 -0.355508 0.616307 0.324442
0.687044 -0.035760 0.814379 -0.900320 0.831164 -0.355509 0.616321 0.324451
0.687049 -0.035751 0.814387 -0.900323 0.831153 -0.355510 0.616332 0.324458
0.687052 -0.035744 0.814393 -0.900325 0.831145 -0.355511 0.616340 0.324464
0.687055 -0.035739 0.814398 -0.900326 0.831138 -0.355511 0.616346 0.324469
0.687057 -0.035735 0.814401 -0.900327 0.831134 -0.355512 0.616351 0.324472
0.687058 -0.035732 0.814404 -0.900328 0.831131 -0.355512 0.616354 0.324474
0.687059 -0.035731 0.814405 -0.900328 0.831129 -0.355512 0.616356 0.324475
0.687060 -0.035730 0.814406 -0.900328 0.831128 -0.355512 0.616357 0.324476
