800
-0.133523 0.316560 -1.570546 2.038618 -0.474524 -0.208312 -0.616870 -1.227755
-0.133741 0.314810 -1.571613 2.039072 -0.473964 -0.208116 -0.619429 -1.228580
-0.411000 0.959931 -0.820305 1.012291 -0.261799 -0.383972 -0.331612 -0.000000
-0.410999 0.959930 -0.820306 1.012293 -0.261800 -0.383972 -0.331611 -0.000003
-0.410996 0.959928 -0.820310 1.012298 -0.261801 -0.383970 -0.331609 -0.000009
-0.410991 0.959923 -0.820316 1.012307 -0.261803 -0.383966 -0.331604 -0.000021
-0.410983 0.959916 -0.820327 1.012322 -0.261807 -0.383959 -0.331596 -0.000042
-0.410970 0.959904 -0.820343 1.012344 -0.261813 -0.383949 -0.331584 -0.000072
-0.410952 0.959889 -0.820366 1.012375 -0.261821 -0.383936 -0.331567 -0.000114
-0.410929 0.959868 -0.820396 1.012417 -0.261832 -0.383918 -0.331545 -0.000171
-0.410899 0.959841 -0.820435 1.012471 -0.261846 -0.383894 -0.331516 -0.000243
-0.410861 0.959808 -0.820483 1.012537 -0.261863 -0.383865 -0.331480 -0.000333
-0.410815 0.959767 -0.820542 1.012619 -0.261885 -0.383830 -0.331436 -0.000444
-0.410760 0.959718 -0.820613 1.012717 -0.261910 -0.383788 -0.331384 -0.000576
-0.410695 0.959660 -0.820697 1.012833 -0.261940 -0.383737 -0.331322 -0.000733
-0.410619 0.959593 -0.820794 1.012967 -0.261975 -0.383679 -0.331250 -0.000915
-0.410532 0.959515 -0.820907 1.013123 -0.262016 -0.383611 -0.331166 -0.001126
-0.410432 0.959426 -0.821035 1.013301 -0.262062 -0.383534 -0.331071 -0.001367
-0.410319 0.959325 -0.821181 1.013503 -0.262114 -0.383447 -0.330963 -0.001640
-0.410191 0.959212 -0.821345 1.013730 -0.262173 -0.383349 -0.330842 -0.001947
-0.410049 0.959085 -0.821528 1.013984 -0.262239 -0.383239 -0.330706 -0.002290
-0.409891 0.958944 -0.821731 1.014267 -0.262313 -0.383117 -0.330555 -0.002672
-0.409717 0.958788 -0.821956 1.014579 -0.262394 -0.382982 -0.330389 -0.003094
-0.409525 0.958616 -0.822203 1.014923 -0.262483 -0.382833 -0.330207 -0.003558
-0.409315 0.958428 -0.822474 1.015300 -0.262581 -0.382671 -0.330007 -0.004067
-0.409085 0.958223 -0.822770 1.015712 -0.262688 -0.382494 -0.329789 -0.004623
-0.408836 0.957999 -0.823091 1.016160 -0.262805 -0.382301 -0.329552 -0.005227
-0.408567 0.957757 -0.823439 1.016646 -0.262931 -0.382092 -0.329296 -0.005883
-0.408276 0.957495 -0.823814 1.017171 -0.263068 -0.381867 -0.329020 -0.006591
-0.407963 0.957213 -0.824219 1.017738 -0.263215 -0.381624 -0.328722 -0.007355
-0.407626 0.956910 -0.824653 1.018348 -0.263373 -0.381363 -0.328403 -0.008176
-0.407266 0.956585 -0.825118 1.019002 -0.263543 -0.381084 -0.328062 -0.009057
-0.406882 0.956236 -0.825616 1.019703 -0.263726 -0.380785 -0.327698 -0.010000
-0.406472 0.955864 -0.826146 1.020452 -0.263920 -0.380467 -0.327310 -0.011007
-0.406036 0.955468 -0.826711 1.021251 -0.264128 -0.380128 -0.326898 -0.012080
-0.405573 0.955046 -0.827311 1.022102 -0.264349 -0.379767 -0.326461 -0.013222
-0.405084 0.954599 -0.827947 1.023005 -0.264583 -0.379386 -0.325999 -0.014434
-0.404567 0.954126 -0.828618 1.023962 -0.264832 -0.378983 -0.325512 -0.015716
-0.404023 0.953627 -0.829325 1.024971 -0.265094 -0.378558 -0.325000 -0.017069
-0.403453 0.953101 -0.830067 1.026035 -0.265370 -0.378112 -0.324463 -0.018493
-0.402855 0.952550 -0.830845 1.027153 -0.265661 -0.377645 -0.323902 -0.019988
-0.402231 0.951972 -0.831659 1.028326 -0.265965 -0.377157 -0.323317 -0.021554
-0.401581 0.951368 -0.832508 1.029554 -0.266284 -0.376647 -0.322708 -0.023193
-0.400904 0.950737 -0.833393 1.030838 -0.266617 -0.376116 -0.322075 -0.024904
-0.400201 0.950079 -0.834313 1.032178 -0.266965 -0.375563 -0.321418 -0.026688
-0.399471 0.949394 -0.835270 1.033575 -0.267327 -0.374989 -0.320738 -0.028546
-0.398715 0.948683 -0.836261 1.035030 -0.267704 -0.374394 -0.320035 -0.030478
-0.397934 0.947943 -0.837289 1.036542 -0.268096 -0.373778 -0.319309 -0.032485
-0.397126 0.947177 -0.838352 1.038113 -0.268503 -0.373141 -0.318560 -0.034567
-0.396293 0.946382 -0.839451 1.039744 -0.268926 -0.372483 -0.317789 -0.036724
-0.395433 0.945560 -0.840585 1.041434 -0.269364 -0.371803 -0.316996 -0.038957
-0.394549 0.944710 -0.841755 1.043184 -0.269817 -0.371103 -0.316181 -0.041268
-0.393639 0.943832 -0.842961 1.044997 -0.270286 -0.370381 -0.315345 -0.043656
-0.392704 0.942925 -0.844203 1.046871 -0.270771 -0.369639 -0.314488 -0.046122
-0.391743 0.941989 -0.845481 1.048807 -0.271272 -0.368876 -0.313609 -0.048666
-0.390758 0.941025 -0.846794 1.050808 -0.271789 -0.368092 -0.312711 -0.051290
-0.389748 0.940031 -0.848144 1.052872 -0.272322 -0.367288 -0.311792 -0.053994
-0.388713 0.939008 -0.849529 1.055002 -0.272872 -0.366463 -0.310853 -0.056779
-0.387654 0.937956 -0.850950 1.057198 -0.273438 -0.365618 -0.309896 -0.059645
-0.386570 0.936874 -0.852408 1.059460 -0.274022 -0.364753 -0.308919 -0.062593
-0.385462 0.935761 -0.853902 1.061790 -0.274622 -0.363867 -0.307923 -0.065624
-0.384331 0.934619 -0.855431 1.064189 -0.275240 -0.362962 -0.306910 -0.068738
-0.383175 0.933446 -0.856997 1.066657 -0.275875 -0.362037 -0.305879 -0.071937
-0.381996 0.932243 -0.858600 1.069195 -0.276528 -0.361092 -0.304830 -0.075220
-0.380793 0.931009 -0.860239 1.071805 -0.277198 -0.360127 -0.303765 -0.078589
-0.379567 0.929743 -0.861914 1.074487 -0.277887 -0.359144 -0.302684 -0.082045
-0.378318 0.928446 -0.863626 1.077242 -0.278593 -0.358141 -0.301586 -0.085588
-0.377046 0.927118 -0.865375 1.080071 -0.279318 -0.357120 -0.300474 -0.089219
-0.375751 0.925757 -0.867161 1.082976 -0.280062 -0.356079 -0.299346 -0.092938
-0.374434 0.924365 -0.868983 1.085956 -0.280824 -0.355021 -0.298205 -0.096746
-0.373096 0.922942 -0.870841 1.089011 -0.281604 -0.353946 -0.297051 -0.100642
-0.371737 0.921487 -0.872734 1.092139 -0.282402 -0.352854 -0.295885 -0.104623
-0.370359 0.920003 -0.874660 1.095342 -0.283218 -0.351747 -0.294709 -0.108688
-0.368962 0.918490 -0.876620 1.098616 -0.284051 -0.350626 -0.293523 -0.112836
-0.367549 0.916947 -0.878612 1.101962 -0.284902 -0.349491 -0.292330 -0.117065
-0.366118 0.915377 -0.880634 1.105379 -0.285769 -0.348343 -0.291130 -0.121373
-0.364672 0.913779 -0.882687 1.108865 -0.286653 -0.347184 -0.289924 -0.125759
-0.363212 0.912154 -0.884769 1.112419 -0.287552 -0.346014 -0.288714 -0.130220
-0.361737 0.910503 -0.886879 1.116041 -0.288468 -0.344834 -0.287500 -0.134754
-0.360250 0.908826 -0.889017 1.119730 -0.289399 -0.343645 -0.286285 -0.139361
-0.358751 0.907125 -0.891181 1.123483 -0.290345 -0.342449 -0.285068 -0.144038
-0.357241 0.905401 -0.893371 1.127300 -0.291305 -0.341246 -0.283851 -0.148782
-0.355721 0.903653 -0.895586 1.131180 -0.292280 -0.340037 -0.282635 -0.153593
-0.354192 0.901882 -0.897824 1.135120 -0.293268 -0.338823 -0.281422 -0.158467
-0.352654 0.900090 -0.900085 1.139121 -0.294270 -0.337605 -0.280212 -0.163403
-0.351109 0.898277 -0.902368 1.143179 -0.295284 -0.336385 -0.279006 -0.168398
-0.349557 0.896445 -0.904673 1.147294 -0.296312 -0.335162 -0.277806 -0.173450
-0.348000 0.894593 -0.906997 1.151464 -0.297351 -0.333938 -0.276612 -0.178558
-0.346437 0.892723 -0.909341 1.155688 -0.298401 -0.332714 -0.275425 -0.183717
-0.344871 0.890835 -0.911703 1.159963 -0.299463 -0.331491 -0.274246 -0.188926
-0.343301 0.888932 -0.914082 1.164287 -0.300535 -0.330270 -0.273077 -0.194183
-0.341728 0.887012 -0.916478 1.168660 -0.301617 -0.329051 -0.271917 -0.199484
-0.340154 0.885078 -0.918889 1.173078 -0.302709 -0.327836 -0.270769 -0.204828
-0.338580 0.883130 -0.921314 1.177540 -0.303809 -0.326625 -0.269632 -0.210212
-0.337005 0.881170 -0.923753 1.182043 -0.304918 -0.325420 -0.268508 -0.215632
-0.335430 0.879197 -0.926205 1.186587 -0.306035 -0.324220 -0.267397 -0.221086
-0.333857 0.877214 -0.928668 1.191167 -0.307159 -0.323028 -0.266301 -0.226571
-0.332287 0.875221 -0.931142 1.195782 -0.308290 -0.321844 -0.265219 -0.232085
-0.330719 0.873219 -0.933626 1.200430 -0.309428 -0.320668 -0.264153 -0.237625
-0.329154 0.871209 -0.936118 1.205109 -0.310570 -0.319501 -0.263102 -0.243187
-0.327595 0.869192 -0.938617 1.209815 -0.311718 -0.318345 -0.262069 -0.248769
-0.326040 0.867170 -0.941123 1.214546 -0.312870 -0.317199 -0.261053 -0.254367
-0.324491 0.865143 -0.943635 1.219300 -0.314026 -0.316065 -0.260055 -0.259979
-0.322947 0.863111 -0.946152 1.224076 -0.315186 -0.314942 -0.259075 -0.265604
-0.321410 0.861074 -0.948674 1.228874 -0.316350 -0.313831 -0.258114 -0.271242
-0.319878 0.859033 -0.951203 1.233693 -0.317517 -0.312732 -0.257170 -0.276892
-0.318352 0.856988 -0.953736 1.238532 -0.318687 -0.311645 -0.256245 -0.282553
-0.316831 0.854939 -0.956276 1.243392 -0.319861 -0.310570 -0.255338 -0.288225
-0.315316 0.852886 -0.958821 1.248271 -0.321038 -0.309508 -0.254449 -0.293906
-0.313807 0.850829 -0.961372 1.253168 -0.322219 -0.308457 -0.253580 -0.299598
-0.312304 0.848768 -0.963929 1.258085 -0.323403 -0.307420 -0.252728 -0.305299
-0.310807 0.846704 -0.966491 1.263019 -0.324590 -0.306395 -0.251895 -0.311008
-0.309315 0.844636 -0.969060 1.267970 -0.325779 -0.305382 -0.251081 -0.316725
-0.307829 0.842565 -0.971634 1.272937 -0.326972 -0.304382 -0.250286 -0.322449
-0.306348 0.840491 -0.974214 1.277921 -0.328168 -0.303395 -0.249510 -0.328180
-0.304873 0.838414 -0.976800 1.282920 -0.329366 -0.302421 -0.248752 -0.333917
-0.303404 0.836333 -0.979392 1.287934 -0.330567 -0.301460 -0.248014 -0.339660
-0.301941 0.834250 -0.981989 1.292962 -0.331771 -0.300511 -0.247294 -0.345408
-0.300483 0.832164 -0.984593 1.298003 -0.332978 -0.299576 -0.246594 -0.351160
-0.299032 0.830076 -0.987202 1.303058 -0.334186 -0.298654 -0.245912 -0.356916
-0.297585 0.827985 -0.989818 1.308124 -0.335398 -0.297744 -0.245250 -0.362675
-0.296145 0.825891 -0.992439 1.313202 -0.336611 -0.296848 -0.244607 -0.368437
-0.294710 0.823796 -0.995066 1.318291 -0.337827 -0.295965 -0.243983 -0.374200
-0.293281 0.821698 -0.997699 1.323390 -0.339045 -0.295094 -0.243378 -0.379965
-0.291857 0.819598 -1.000337 1.328499 -0.340266 -0.294237 -0.242793 -0.385731
-0.290439 0.817497 -1.002982 1.333617 -0.341488 -0.293393 -0.242227 -0.391498
-0.289027 0.815393 -1.005632 1.338743 -0.342712 -0.292561 -0.241680 -0.397264
-0.287620 0.813288 -1.008288 1.343876 -0.343939 -0.291743 -0.241153 -0.403029
-0.286220 0.811181 -1.010949 1.349017 -0.345167 -0.290937 -0.240645 -0.408793
-0.284824 0.809073 -1.013617 1.354163 -0.346396 -0.290144 -0.240157 -0.414554
-0.283435 0.806964 -1.016289 1.359316 -0.347628 -0.289364 -0.239688 -0.420314
-0.282051 0.804853 -1.018968 1.364473 -0.348861 -0.288597 -0.239239 -0.426070
-0.280673 0.802741 -1.021651 1.369634 -0.350096 -0.287842 -0.238809 -0.431822
-0.279301 0.800627 -1.024340 1.374799 -0.351332 -0.287100 -0.238399 -0.437570
-0.277934 0.798513 -1.027035 1.379967 -0.352569 -0.286370 -0.238008 -0.443313
-0.276573 0.796398 -1.029735 1.385136 -0.353808 -0.285652 -0.237638 -0.449052
-0.275217 0.794282 -1.032440 1.390308 -0.355048 -0.284947 -0.237286 -0.454784
-0.273867 0.792166 -1.035150 1.395480 -0.356289 -0.284254 -0.236955 -0.460510
-0.272523 0.790049 -1.037865 1.400652 -0.357531 -0.283573 -0.236643 -0.466229
-0.271185 0.787931 -1.040585 1.405824 -0.358775 -0.282904 -0.236350 -0.471940
-0.269852 0.785812 -1.043310 1.410995 -0.360019 -0.282246 -0.236078 -0.477644
-0.268525 0.783694 -1.046041 1.416164 -0.361263 -0.281600 -0.235825 -0.483339
-0.267203 0.781575 -1.048775 1.421330 -0.362509 -0.280966 -0.235591 -0.489026
-0.265888 0.779456 -1.051515 1.426494 -0.363755 -0.280343 -0.235378 -0.494703
-0.264578 0.777336 -1.054259 1.431653 -0.365002 -0.279731 -0.235184 -0.500370
-0.263273 0.775217 -1.057008 1.436808 -0.366249 -0.279131 -0.235010 -0.506027
-0.261974 0.773098 -1.059761 1.441959 -0.367497 -0.278541 -0.234856 -0.511674
-0.260681 0.770978 -1.062518 1.447103 -0.368744 -0.277962 -0.234721 -0.517309
-0.259394 0.768859 -1.065280 1.452241 -0.369992 -0.277394 -0.234607 -0.522932
-0.258112 0.766740 -1.068046 1.457372 -0.371240 -0.276836 -0.234512 -0.528543
-0.256836 0.764621 -1.070815 1.462496 -0.372488 -0.276289 -0.234436 -0.534142
-0.255566 0.762503 -1.073589 1.467612 -0.373736 -0.275751 -0.234381 -0.539728
-0.254301 0.760385 -1.076367 1.472719 -0.374984 -0.275224 -0.234345 -0.545300
-0.253042 0.758267 -1.079148 1.477816 -0.376231 -0.274706 -0.234329 -0.550859
-0.251788 0.756150 -1.081933 1.482904 -0.377478 -0.274198 -0.234333 -0.556404
-0.250541 0.754033 -1.084722 1.487981 -0.378724 -0.273699 -0.234357 -0.561934
-0.249299 0.751917 -1.087514 1.493048 -0.379969 -0.273209 -0.234400 -0.567449
-0.248062 0.749802 -1.090309 1.498102 -0.381214 -0.272729 -0.234463 -0.572949
-0.246831 0.747687 -1.093107 1.503145 -0.382458 -0.272257 -0.234546 -0.578433
-0.245606 0.745574 -1.095909 1.508175 -0.383701 -0.271794 -0.234649 -0.583901
-0.244387 0.743460 -1.098713 1.513191 -0.384943 -0.271339 -0.234772 -0.589353
-0.243173 0.741348 -1.101521 1.518194 -0.386183 -0.270893 -0.234914 -0.594788
-0.241965 0.739237 -1.104331 1.523183 -0.387423 -0.270454 -0.235076 -0.600207
-0.240763 0.737126 -1.107143 1.528157 -0.388660 -0.270024 -0.235258 -0.605608
-0.239567 0.735016 -1.109958 1.533116 -0.389897 -0.269601 -0.235459 -0.610991
-0.238376 0.732908 -1.112776 1.538059 -0.391131 -0.269185 -0.235681 -0.616357
-0.237190 0.730800 -1.115596 1.542987 -0.392364 -0.268777 -0.235922 -0.621704
-0.236011 0.728693 -1.118418 1.547897 -0.393595 -0.268376 -0.236182 -0.627033
-0.234837 0.726588 -1.121242 1.552790 -0.394823 -0.267982 -0.236463 -0.632343
-0.233669 0.724483 -1.124067 1.557666 -0.396050 -0.267594 -0.236763 -0.637635
-0.232506 0.722380 -1.126895 1.562524 -0.397274 -0.267213 -0.237083 -0.642907
-0.231349 0.720277 -1.129724 1.567364 -0.398496 -0.266838 -0.237423 -0.648159
-0.230198 0.718176 -1.132555 1.572185 -0.399715 -0.266469 -0.237782 -0.653392
-0.229053 0.716076 -1.135387 1.576986 -0.400932 -0.266106 -0.238161 -0.658605
-0.227913 0.713977 -1.138221 1.581768 -0.402146 -0.265749 -0.238560 -0.663798
-0.226779 0.711879 -1.141055 1.586530 -0.403356 -0.265397 -0.238978 -0.668970
-0.225650 0.709782 -1.143891 1.591272 -0.404564 -0.265051 -0.239416 -0.674122
-0.224527 0.707687 -1.146728 1.595993 -0.405769 -0.264710 -0.239874 -0.679253
-0.223410 0.705593 -1.149565 1.600693 -0.406970 -0.264373 -0.240352 -0.684363
-0.222299 0.703500 -1.152403 1.605372 -0.408168 -0.264042 -0.240849 -0.689452
-0.221193 0.701408 -1.155242 1.610029 -0.409362 -0.263715 -0.241365 -0.694519
-0.220093 0.699317 -1.158081 1.614664 -0.410552 -0.263392 -0.241901 -0.699565
-0.218999 0.697228 -1.160920 1.619277 -0.411739 -0.263073 -0.242457 -0.704590
-0.217911 0.695139 -1.163760 1.623867 -0.412922 -0.262759 -0.243033 -0.709593
-0.216828 0.693052 -1.166599 1.628434 -0.414100 -0.262448 -0.243628 -0.714573
-0.215751 0.690966 -1.169439 1.632978 -0.415275 -0.262141 -0.244243 -0.719532
-0.214679 0.688881 -1.172278 1.637499 -0.416445 -0.261837 -0.244877 -0.724469
-0.213613 0.686798 -1.175117 1.641996 -0.417610 -0.261537 -0.245531 -0.729383
-0.212553 0.684715 -1.177955 1.646469 -0.418771 -0.261239 -0.246204 -0.734274
-0.211499 0.682634 -1.180793 1.650918 -0.419927 -0.260945 -0.246897 -0.739143
-0.210450 0.680553 -1.183631 1.655342 -0.421078 -0.260654 -0.247609 -0.743990
-0.209408 0.678474 -1.186467 1.659742 -0.422224 -0.260365 -0.248341 -0.748813
-0.208370 0.676396 -1.189303 1.664116 -0.423365 -0.260078 -0.249093 -0.753614
-0.207339 0.674319 -1.192137 1.668466 -0.424501 -0.259794 -0.249864 -0.758392
-0.206313 0.672242 -1.194970 1.672790 -0.425631 -0.259512 -0.250654 -0.763147
-0.205293 0.670167 -1.197803 1.677089 -0.426756 -0.259232 -0.251464 -0.767878
-0.204279 0.668093 -1.200633 1.681363 -0.427876 -0.258954 -0.252293 -0.772587
-0.203271 0.666019 -1.203463 1.685610 -0.428989 -0.258678 -0.253142 -0.777272
-0.202268 0.663947 -1.206290 1.689832 -0.430096 -0.258403 -0.254010 -0.781934
-0.201271 0.661875 -1.209116 1.694027 -0.431198 -0.258130 -0.254898 -0.786572
-0.200280 0.659804 -1.211940 1.698197 -0.432293 -0.257858 -0.255805 -0.791187
-0.199294 0.657734 -1.214763 1.702339 -0.433382 -0.257587 -0.256731 -0.795779
-0.198315 0.655665 -1.217583 1.706456 -0.434465 -0.257317 -0.257677 -0.800347
-0.197341 0.653596 -1.220401 1.710545 -0.435541 -0.257048 -0.258642 -0.804891
-0.196373 0.651528 -1.223216 1.714608 -0.436611 -0.256780 -0.259626 -0.809412
-0.195411 0.649460 -1.226030 1.718644 -0.437674 -0.256512 -0.260630 -0.813909
-0.194454 0.647393 -1.228840 1.722653 -0.438730 -0.256245 -0.261654 -0.818382
-0.193503 0.645327 -1.231649 1.726635 -0.439779 -0.255978 -0.262696 -0.822832
-0.192559 0.643261 -1.234454 1.730590 -0.440821 -0.255712 -0.263758 -0.827258
-0.191620 0.641195 -1.237257 1.734518 -0.441856 -0.255446 -0.264839 -0.831660
-0.190686 0.639130 -1.240057 1.738418 -0.442883 -0.255180 -0.265939 -0.836039
-0.189759 0.637065 -1.242854 1.742291 -0.443903 -0.254914 -0.267059 -0.840393
-0.188838 0.635000 -1.245647 1.746137 -0.444915 -0.254648 -0.268198 -0.844724
-0.187922 0.632936 -1.248438 1.749955 -0.445920 -0.254382 -0.269356 -0.849031
-0.187012 0.630871 -1.251225 1.753746 -0.446917 -0.254115 -0.270534 -0.853315
-0.186109 0.628807 -1.254009 1.757509 -0.447907 -0.253848 -0.271730 -0.857574
-0.185211 0.626742 -1.256789 1.761244 -0.448888 -0.253580 -0.272946 -0.861810
-0.184319 0.624678 -1.259566 1.764952 -0.449861 -0.253312 -0.274182 -0.866022
-0.183432 0.622613 -1.262339 1.768633 -0.450826 -0.253044 -0.275436 -0.870210
-0.182552 0.620548 -1.265109 1.772285 -0.451783 -0.252774 -0.276709 -0.874375
-0.181678 0.618483 -1.267874 1.775910 -0.452731 -0.252504 -0.278002 -0.878515
-0.180810 0.616418 -1.270636 1.779508 -0.453671 -0.252233 -0.279314 -0.882632
-0.179948 0.614352 -1.273394 1.783077 -0.454603 -0.251961 -0.280645 -0.886726
-0.179091 0.612286 -1.276147 1.786619 -0.455525 -0.251688 -0.281996 -0.890795
-0.178241 0.610219 -1.278897 1.790133 -0.456439 -0.251414 -0.283365 -0.894841
-0.177397 0.608151 -1.281642 1.793620 -0.457344 -0.251139 -0.284754 -0.898864
-0.176559 0.606083 -1.284383 1.797079 -0.458241 -0.250862 -0.286161 -0.902863
-0.175727 0.604014 -1.287119 1.800511 -0.459128 -0.250585 -0.287588 -0.906838
-0.174901 0.601944 -1.289851 1.803914 -0.460006 -0.250306 -0.289034 -0.910789
-0.174081 0.599874 -1.292578 1.807291 -0.460875 -0.250025 -0.290500 -0.914717
-0.173267 0.597802 -1.295300 1.810640 -0.461734 -0.249744 -0.291984 -0.918622
-0.172459 0.595729 -1.298018 1.813961 -0.462584 -0.249461 -0.293488 -0.922503
-0.171657 0.593655 -1.300731 1.817255 -0.463425 -0.249176 -0.295010 -0.926361
-0.170862 0.591580 -1.303440 1.820521 -0.464256 -0.248890 -0.296552 -0.930195
-0.170073 0.589504 -1.306143 1.823760 -0.465078 -0.248602 -0.298113 -0.934006
-0.169290 0.587426 -1.308841 1.826972 -0.465889 -0.248313 -0.299693 -0.937794
-0.168513 0.585346 -1.311534 1.830157 -0.466691 -0.248022 -0.301292 -0.941558
-0.167743 0.583265 -1.314222 1.833314 -0.467484 -0.247730 -0.302911 -0.945299
-0.166979 0.581183 -1.316905 1.836444 -0.468266 -0.247435 -0.304548 -0.949017
-0.166221 0.579098 -1.319582 1.839548 -0.469038 -0.247140 -0.306205 -0.952712
-0.165469 0.577012 -1.322254 1.842624 -0.469800 -0.246842 -0.307881 -0.956384
-0.164724 0.574924 -1.324921 1.845673 -0.470552 -0.246543 -0.309576 -0.960033
-0.163985 0.572834 -1.327582 1.848695 -0.471293 -0.246241 -0.311290 -0.963659
-0.163253 0.570741 -1.330238 1.851691 -0.472025 -0.245938 -0.313023 -0.967261
-0.162527 0.568647 -1.332888 1.854660 -0.472745 -0.245634 -0.314776 -0.970841
-0.161808 0.566550 -1.335533 1.857602 -0.473456 -0.245327 -0.316548 -0.974398
-0.161095 0.564451 -1.338171 1.860518 -0.474155 -0.245019 -0.318339 -0.977933
-0.160388 0.562349 -1.340804 1.863407 -0.474845 -0.244709 -0.320149 -0.981444
-0.159688 0.560245 -1.343432 1.866271 -0.475523 -0.244397 -0.321979 -0.984933
-0.158995 0.558138 -1.346053 1.869107 -0.476191 -0.244083 -0.323827 -0.988399
-0.158308 0.556029 -1.348668 1.871918 -0.476848 -0.243767 -0.325696 -0.991843
-0.157629 0.553916 -1.351278 1.874702 -0.477494 -0.243450 -0.327583 -0.995264
-0.156955 0.551801 -1.353881 1.877461 -0.478129 -0.243130 -0.329490 -0.998662
-0.156289 0.549682 -1.356479 1.880193 -0.478753 -0.242809 -0.331416 -1.002038
-0.155629 0.547561 -1.359070 1.882900 -0.479366 -0.242486 -0.333361 -1.005392
-0.154976 0.545436 -1.361655 1.885581 -0.479967 -0.242161 -0.335326 -1.008723
-0.154330 0.543308 -1.364234 1.888236 -0.480558 -0.241835 -0.337311 -1.012032
-0.153691 0.541176 -1.366807 1.890866 -0.481137 -0.241506 -0.339315 -1.015319
-0.153058 0.539041 -1.369373 1.893471 -0.481705 -0.241176 -0.341338 -1.018584
-0.152433 0.536902 -1.371933 1.896050 -0.482261 -0.240844 -0.343381 -1.021826
-0.151814 0.534759 -1.374487 1.898604 -0.482806 -0.240510 -0.345443 -1.025047
-0.151203 0.532613 -1.377034 1.901133 -0.483339 -0.240175 -0.347525 -1.028245
-0.150599 0.530462 -1.379575 1.903637 -0.483861 -0.239837 -0.349627 -1.031422
-0.150002 0.528307 -1.382110 1.906116 -0.484370 -0.239498 -0.351749 -1.034577
-0.149412 0.526149 -1.384638 1.908570 -0.484869 -0.239158 -0.353890 -1.037709
-0.148829 0.523986 -1.387159 1.911000 -0.485355 -0.238816 -0.356051 -1.040820
-0.148253 0.521818 -1.389674 1.913405 -0.485829 -0.238472 -0.358231 -1.043910
-0.147685 0.519646 -1.392182 1.915786 -0.486292 -0.238126 -0.360432 -1.046977
-0.147124 0.517469 -1.394683 1.918143 -0.486742 -0.237779 -0.362653 -1.050023
-0.146571 0.515288 -1.397178 1.920475 -0.487180 -0.237430 -0.364893 -1.053047
-0.146025 0.513102 -1.399666 1.922783 -0.487607 -0.237080 -0.367154 -1.056050
-0.145487 0.510911 -1.402147 1.925067 -0.488021 -0.236728 -0.369435 -1.059032
-0.144956 0.508715 -1.404621 1.927328 -0.488422 -0.236375 -0.371735 -1.061992
-0.144433 0.506513 -1.407089 1.929565 -0.488811 -0.236020 -0.374056 -1.064930
-0.143917 0.504307 -1.409550 1.931778 -0.489188 -0.235664 -0.376398 -1.067848
-0.143409 0.502095 -1.412004 1.933968 -0.489552 -0.235306 -0.378760 -1.070744
-0.142909 0.499877 -1.414450 1.936134 -0.489904 -0.234947 -0.381142 -1.073619
-0.142417 0.497654 -1.416890 1.938277 -0.490243 -0.234587 -0.383545 -1.076473
-0.141933 0.495425 -1.419323 1.940397 -0.490569 -0.234225 -0.385968 -1.079305
-0.141457 0.493190 -1.421749 1.942494 -0.490883 -0.233862 -0.388412 -1.082117
-0.140988 0.490949 -1.424168 1.944568 -0.491183 -0.233498 -0.390877 -1.084908
-0.140528 0.488702 -1.426580 1.946620 -0.491471 -0.233133 -0.393363 -1.087677
-0.140076 0.486449 -1.428985 1.948648 -0.491746 -0.232767 -0.395869 -1.090426
-0.139633 0.484189 -1.431383 1.950655 -0.492007 -0.232399 -0.398397 -1.093154
-0.139197 0.481923 -1.433773 1.952639 -0.492255 -0.232031 -0.400946 -1.095862
-0.138770 0.479651 -1.436157 1.954600 -0.492490 -0.231661 -0.403516 -1.098548
-0.138352 0.477371 -1.438533 1.956540 -0.492712 -0.231291 -0.406107 -1.101214
-0.137942 0.475085 -1.440902 1.958457 -0.492920 -0.230919 -0.408720 -1.103859
-0.137541 0.472792 -1.443264 1.960353 -0.493115 -0.230547 -0.411355 -1.106484
-0.137148 0.470492 -1.445618 1.962227 -0.493296 -0.230174 -0.414011 -1.109088
-0.136764 0.468184 -1.447965 1.964079 -0.493463 -0.229800 -0.416689 -1.111672
-0.136389 0.465869 -1.450305 1.965909 -0.493617 -0.229425 -0.419389 -1.114235
-0.136023 0.463547 -1.452638 1.967719 -0.493756 -0.229049 -0.422111 -1.116778
-0.135666 0.461217 -1.454963 1.969507 -0.493882 -0.228673 -0.424855 -1.119301
-0.135317 0.458879 -1.457281 1.971274 -0.493993 -0.228296 -0.427622 -1.121803
-0.134979 0.456533 -1.459591 1.973019 -0.494090 -0.227919 -0.430411 -1.124285
-0.134649 0.454179 -1.461894 1.974744 -0.494173 -0.227541 -0.433222 -1.126747
-0.134329 0.451817 -1.464189 1.976449 -0.494242 -0.227162 -0.436057 -1.129189
-0.134018 0.449447 -1.466477 1.978132 -0.494296 -0.226784 -0.438915 -1.131611
-0.133717 0.447068 -1.468758 1.979795 -0.494335 -0.226404 -0.441795 -1.134012
-0.133425 0.444681 -1.471031 1.981438 -0.494360 -0.226024 -0.444699 -1.136394
-0.133144 0.442285 -1.473296 1.983060 -0.494369 -0.225644 -0.447627 -1.138755
-0.132872 0.439880 -1.475554 1.984662 -0.494364 -0.225264 -0.450578 -1.141097
-0.132610 0.437466 -1.477804 1.986244 -0.494343 -0.224884 -0.453553 -1.143419
-0.132358 0.435042 -1.480046 1.987806 -0.494308 -0.224503 -0.456552 -1.145721
-0.132116 0.432610 -1.482281 1.989349 -0.494256 -0.224122 -0.459575 -1.148003
-0.131885 0.430167 -1.484508 1.990871 -0.494190 -0.223741 -0.462623 -1.150265
-0.131664 0.427716 -1.486728 1.992375 -0.494107 -0.223360 -0.465696 -1.152508
-0.131454 0.425254 -1.488939 1.993858 -0.494009 -0.222979 -0.468793 -1.154730
-0.131254 0.422782 -1.491143 1.995323 -0.493895 -0.222598 -0.471915 -1.156934
-0.131065 0.420300 -1.493339 1.996768 -0.493764 -0.222218 -0.475063 -1.159117
-0.130887 0.417808 -1.495527 1.998194 -0.493617 -0.221837 -0.478237 -1.161281
-0.130720 0.415306 -1.497707 1.999601 -0.493454 -0.221457 -0.481436 -1.163426
-0.130564 0.412792 -1.499880 2.000989 -0.493274 -0.221077 -0.484661 -1.165550
-0.130420 0.410268 -1.502044 2.002359 -0.493077 -0.220697 -0.487913 -1.167656
-0.130287 0.407733 -1.504200 2.003710 -0.492864 -0.220317 -0.491192 -1.169742
-0.130166 0.405187 -1.506349 2.005043 -0.492633 -0.219938 -0.494497 -1.171808
-0.130056 0.402629 -1.508489 2.006357 -0.492384 -0.219560 -0.497830 -1.173855
-0.129958 0.400060 -1.510621 2.007653 -0.492118 -0.219182 -0.501190 -1.175883
-0.129873 0.397479 -1.512745 2.008931 -0.491834 -0.218804 -0.504578 -1.177891
-0.129799 0.394886 -1.514861 2.010190 -0.491532 -0.218427 -0.507995 -1.179880
-0.129738 0.392282 -1.516969 2.011432 -0.491212 -0.218051 -0.511439 -1.181849
-0.129690 0.389664 -1.519068 2.012656 -0.490873 -0.217676 -0.514913 -1.183800
-0.129654 0.387035 -1.521159 2.013863 -0.490515 -0.217301 -0.518416 -1.185730
-0.129631 0.384392 -1.523242 2.015052 -0.490139 -0.216927 -0.521949 -1.187642
-0.129621 0.381737 -1.525316 2.016223 -0.489743 -0.216554 -0.525512 -1.189534
-0.129625 0.379068 -1.527382 2.017378 -0.489327 -0.216181 -0.529105 -1.191408
-0.129642 0.376387 -1.529439 2.018515 -0.488892 -0.215810 -0.532729 -1.193262
-0.129673 0.373691 -1.531488 2.019635 -0.488436 -0.215440 -0.536384 -1.195096
-0.129717 0.370982 -1.533528 2.020738 -0.487961 -0.215071 -0.540071 -1.196912
-0.129776 0.368259 -1.535559 2.021824 -0.487464 -0.214702 -0.543790 -1.198708
-0.129849 0.365522 -1.537582 2.022893 -0.486946 -0.214335 -0.547542 -1.200485
-0.129936 0.362770 -1.539595 2.023946 -0.486407 -0.213969 -0.551326 -1.202243
-0.130038 0.360004 -1.541600 2.024982 -0.485846 -0.213605 -0.555145 -1.203982
-0.130156 0.357222 -1.543596 2.026002 -0.485263 -0.213241 -0.558998 -1.205701
-0.130288 0.354425 -1.545583 2.027005 -0.484657 -0.212879 -0.562885 -1.207402
-0.130436 0.351613 -1.547560 2.027993 -0.484028 -0.212518 -0.566808 -1.209083
-0.130600 0.348785 -1.549529 2.028964 -0.483376 -0.212159 -0.570766 -1.210745
-0.130779 0.345942 -1.551488 2.029919 -0.482701 -0.211801 -0.574761 -1.212388
-0.130975 0.343081 -1.553438 2.030859 -0.482000 -0.211445 -0.578793 -1.214011
-0.131188 0.340205 -1.555378 2.031782 -0.481276 -0.211090 -0.582863 -1.215615
-0.131417 0.337311 -1.557309 2.032691 -0.480526 -0.210737 -0.586971 -1.217201
-0.131664 0.334401 -1.559230 2.033583 -0.479750 -0.210385 -0.591119 -1.218766
-0.131928 0.331473 -1.561141 2.034460 -0.478948 -0.210035 -0.595306 -1.220313
-0.132210 0.328527 -1.563042 2.035322 -0.478119 -0.209687 -0.599534 -1.221840
-0.132510 0.325563 -1.564933 2.036169 -0.477263 -0.209340 -0.603804 -1.223348
-0.132829 0.322581 -1.566815 2.037000 -0.476379 -0.208996 -0.608116 -1.224836
-0.133166 0.319580 -1.568685 2.037817 -0.475466 -0.208653 -0.612471 -1.226305
-0.133523 0.316560 -1.570546 2.038618 -0.474524 -0.208312 -0.616870 -1.227755
-431602080.000000 -431602080.000000 -431602080.000000 -431602080.000000 -431602080.000000 -431602080.000000 -431602080.000000 -431602080.000000
-431602080.000000 -431602080.000000 -431602080.000000 -431602080.000000 -431602080.000000 -431602080.000000 -431602080.000000 -431602080.000000
-431602080.000000 -431602080.000000 -431602080.000000 -431602080.000000 -431602080.000000 -431602080.000000 -431602080.000000 -431602080.000000
-431602080.000000 -431602080.000000 -431602080.000000 -431602080.000000 -431602080.000000 -431602080.000000 -431602080.000000 -431602080.000000
-431602080.000000 -431602080.000000 -431602080.000000 -431602080.000000 -431602080.000000 -431602080.000000 -431602080.000000 -431602080.000000
-431602080.000000 -431602080.000000 -431602080.000000 -431602080.000000 -431602080.000000 -431602080.000000 -431602080.000000 -431602080.000000
-431602080.000000 -431602080.000000 -431602080.000000 -431602080.000000 -431602080.000000 -431602080.000000 -431602080.000000 -431602080.000000
-431602080.000000 -431602080.000000 -431602080.000000 -431602080.000000 -431602080.000000 -431602080.000000 -431602080.000000 -431602080.000000
-431602080.000000 -431602080.000000 -431602080.000000 -431602080.000000 -431602080.000000 -431602080.000000 -431602080.000000 -431602080.000000
-431602080.000000 -431602080.000000 -431602080.000000 -431602080.000000 -431602080.000000 -431602080.000000 -431602080.000000 -431602080.000000
-431602080.000000 -431602080.000000 -431602080.000000 -431602080.000000 -431602080.000000 -431602080.000000 -431602080.000000 -431602080.000000
-431602080.000000 -431602080.000000 -431602080.000000 -431602080.000000 -431602080.000000 -431602080.000000 -431602080.000000 -431602080.000000
-431602080.000000 -431602080.000000 -431602080.000000 -431602080.000000 -431602080.000000 -431602080.000000 -431602080.000000 -431602080.000000
-431602080.000000 -431602080.000000 -431602080.000000 -431602080.000000 -431602080.000000 -431602080.000000 -431602080.000000 -431602080.000000
-431602080.000000 -431602080.000000 -431602080.000000 -431602080.000000 -431602080.000000 -431602080.000000 -431602080.000000 -431602080.000000
-431602080.000000 -431602080.000000 -431602080.000000 -431602080.000000 -431602080.000000 -431602080.000000 -431602080.000000 -431602080.000000
-431602080.000000 -431602080.000000 -431602080.000000 -431602080.000000 -431602080.000000 -431602080.000000 -431602080.000000 -431602080.000000
-431602080.000000 -431602080.000000 -431602080.000000 -431602080.000000 -431602080.000000 -431602080.000000 -431602080.000000 -431602080.000000
-431602080.000000 -431602080.000000 -431602080.000000 -431602080.000000 -431602080.000000 -431602080.000000 -431602080.000000 -431602080.000000
-431602080.000000 -431602080.000000 -431602080.000000 -431602080.000000 -431602080.000000 -431602080.000000 -431602080.000000 -431602080.000000
-431602080.000000 -431602080.000000 -431602080.000000 -431602080.000000 -431602080.000000 -431602080.000000 -431602080.000000 -431602080.000000
-431602080.000000 -431602080.000000 -431602080.000000 -431602080.000000 -431602080.000000 -431602080.000000 -431602080.000000 -431602080.000000
-431602080.000000 -431602080.000000 -431602080.000000 -431602080.000000 -431602080.000000 -431602080.000000 -431602080.000000 -431602080.000000
-431602080.000000 -431602080.000000 -431602080.000000 -431602080.000000 -431602080.000000 -431602080.000000 -431602080.000000 -431602080.000000
-431602080.000000 -431602080.000000 -431602080.000000 -431602080.000000 -431602080.000000 -431602080.000000 -431602080.000000 -431602080.000000
-431602080.000000 -431602080.000000 -431602080.000000 -431602080.000000 -431602080.000000 -431602080.000000 -431602080.000000 -431602080.000000
-431602080.000000 -431602080.000000 -431602080.000000 -431602080.000000 -431602080.000000 -431602080.000000 -431602080.000000 -431602080.000000
-431602080.000000 -431602080.000000 -431602080.000000 -431602080.000000 -431602080.000000 -431602080.000000 -431602080.000000 -431602080.000000
-431602080.000000 -431602080.000000 -431602080.000000 -431602080.000000 -431602080.000000 -431602080.000000 -431602080.000000 -431602080.000000
-431602080.000000 -431602080.000000 -431602080.000000 -431602080.000000 -431602080.000000 -431602080.000000 -431602080.000000 -431602080.000000
-431602080.000000 -431602080.000000 -431602080.000000 -431602080.000000 -431602080.000000 -431602080.000000 -431602080.000000 -431602080.000000
-431602080.000000 -431602080.000000 -431602080.000000 -431602080.000000 -431602080.000000 -431602080.000000 -431602080.000000 -431602080.000000
-431602080.000000 -431602080.000000 -431602080.000000 -431602080.000000 -431602080.000000 -431602080.000000 -431602080.000000 -431602080.000000
-431602080.000000 -431602080.000000 -431602080.000000 -431602080.000000 -431602080.000000 -431602080.000000 -431602080.000000 -431602080.000000
-431602080.000000 -431602080.000000 -431602080.000000 -431602080.000000 -431602080.000000 -431602080.000000 -431602080.000000 -431602080.000000
-431602080.000000 -431602080.000000 -431602080.000000 -431602080.000000 -431602080.000000 -431602080.000000 -431602080.000000 -431602080.000000
-431602080.000000 -431602080.000000 -431602080.000000 -431602080.000000 -431602080.000000 -431602080.000000 -431602080.000000 -431602080.000000
-431602080.000000 -431602080.000000 -431602080.000000 -431602080.000000 -431602080.000000 -431602080.000000 -431602080.000000 -431602080.000000
-431602080.000000 -431602080.000000 -431602080.000000 -431602080.000000 -431602080.000000 -431602080.000000 -431602080.000000 -431602080.000000
-431602080.000000 -431602080.000000 -431602080.000000 -431602080.000000 -431602080.000000 -431602080.000000 -431602080.000000 -431602080.000000
-431602080.000000 -431602080.000000 -431602080.000000 -431602080.000000 -431602080.000000 -431602080.000000 -431602080.000000 -431602080.000000
-431602080.000000 -431602080.000000 -431602080.000000 -431602080.000000 -431602080.000000 -431602080.000000 -431602080.000000 -431602080.000000
-431602080.000000 -431602080.000000 -431602080.000000 -431602080.000000 -431602080.000000 -431602080.000000 -431602080.000000 -431602080.000000
-431602080.000000 -431602080.000000 -431602080.000000 -431602080.000000 -431602080.000000 -431602080.000000 -431602080.000000 -431602080.000000
-431602080.000000 -431602080.000000 -431602080.000000 -431602080.000000 -431602080.000000 -431602080.000000 -431602080.000000 -431602080.000000
-431602080.000000 -431602080.000000 -431602080.000000 -431602080.000000 -431602080.000000 -431602080.000000 -431602080.000000 -431602080.000000
-431602080.000000 -431602080.000000 -431602080.000000 -431602080.000000 -431602080.000000 -431602080.000000 -431602080.000000 -431602080.000000
-431602080.000000 -431602080.000000 -431602080.000000 -431602080.000000 -431602080.000000 -431602080.000000 -431602080.000000 -431602080.000000
-431602080.000000 -431602080.000000 -431602080.000000 -431602080.000000 -431602080.000000 -431602080.000000 -431602080.000000 -431602080.000000
-431602080.000000 -431602080.000000 -431602080.000000 -431602080.000000 -431602080.000000 -431602080.000000 -431602080.000000 -431602080.000000
-431602080.000000 -431602080.000000 -431602080.000000 -431602080.000000 -431602080.000000 -431602080.000000 -431602080.000000 -431602080.000000
-431602080.000000 -431602080.000000 -431602080.000000 -431602080.000000 -431602080.000000 -431602080.000000 -431602080.000000 -431602080.000000
-431602080.000000 -431602080.000000 -431602080.000000 -431602080.000000 -431602080.000000 -431602080.000000 -431602080.000000 -431602080.000000
-431602080.000000 -431602080.000000 -431602080.000000 -431602080.000000 -431602080.000000 -431602080.000000 -431602080.000000 -431602080.000000
-431602080.000000 -431602080.000000 -431602080.000000 -431602080.000000 -431602080.000000 -431602080.000000 -431602080.000000 -431602080.000000
-431602080.000000 -431602080.000000 -431602080.000000 -431602080.000000 -431602080.000000 -431602080.000000 -431602080.000000 -431602080.000000
-431602080.000000 -431602080.000000 -431602080.000000 -431602080.000000 -431602080.000000 -431602080.000000 -431602080.000000 -431602080.000000
-431602080.000000 -431602080.000000 -431602080.000000 -431602080.000000 -431602080.000000 -431602080.000000 -431602080.000000 -431602080.000000
-431602080.000000 -431602080.000000 -431602080.000000 -431602080.000000 -431602080.000000 -431602080.000000 -431602080.000000 -431602080.000000
-431602080.000000 -431602080.000000 -431602080.000000 -431602080.000000 -431602080.000000 -431602080.000000 -431602080.000000 -431602080.000000
-431602080.000000 -431602080.000000 -431602080.000000 -431602080.000000 -431602080.000000 -431602080.000000 -431602080.000000 -431602080.000000
-431602080.000000 -431602080.000000 -431602080.000000 -431602080.000000 -431602080.000000 -431602080.000000 -431602080.000000 -431602080.000000
-431602080.000000 -431602080.000000 -431602080.000000 -431602080.000000 -431602080.000000 -431602080.000000 -431602080.000000 -431602080.000000
-431602080.000000 -431602080.000000 -431602080.000000 -431602080.000000 -431602080.000000 -431602080.000000 -431602080.000000 -431602080.000000
-431602080.000000 -431602080.000000 -431602080.000000 -431602080.000000 -431602080.000000 -431602080.000000 -431602080.000000 -431602080.000000
-431602080.000000 -431602080.000000 -431602080.000000 -431602080.000000 -431602080.000000 -431602080.000000 -431602080.000000 -431602080.000000
-431602080.000000 -431602080.000000 -431602080.000000 -431602080.000000 -431602080.000000 -431602080.000000 -431602080.000000 -431602080.000000
-431602080.000000 -431602080.000000 -431602080.000000 -431602080.000000 -431602080.000000 -431602080.000000 -431602080.000000 -431602080.000000
-431602080.000000 -431602080.000000 -431602080.000000 -431602080.000000 -431602080.000000 -431602080.000000 -431602080.000000 -431602080.000000
-431602080.000000 -431602080.000000 -431602080.000000 -431602080.000000 -431602080.000000 -431602080.000000 -431602080.000000 -431602080.000000
-431602080.000000 -431602080.000000 -431602080.000000 -431602080.000000 -431602080.000000 -431602080.000000 -431602080.000000 -431602080.000000
-431602080.000000 -431602080.000000 -431602080.000000 -431602080.000000 -431602080.000000 -431602080.000000 -431602080.000000 -431602080.000000
-431602080.000000 -431602080.000000 -431602080.000000 -431602080.000000 -431602080.000000 -431602080.000000 -431602080.000000 -431602080.000000
-431602080.000000 -431602080.000000 -431602080.000000 -431602080.000000 -431602080.000000 -431602080.000000 -431602080.000000 -431602080.000000
-431602080.000000 -431602080.000000 -431602080.000000 -431602080.000000 -431602080.000000 -431602080.000000 -431602080.000000 -431602080.000000
-431602080.000000 -431602080.000000 -431602080.000000 -431602080.000000 -431602080.000000 -431602080.000000 -431602080.000000 -431602080.000000
-431602080.000000 -431602080.000000 -431602080.000000 -431602080.000000 -431602080.000000 -431602080.000000 -431602080.000000 -431602080.000000
-431602080.000000 -431602080.000000 -431602080.000000 -431602080.000000 -431602080.000000 -431602080.000000 -431602080.000000 -431602080.000000
-431602080.000000 -431602080.000000 -431602080.000000 -431602080.000000 -431602080.000000 -431602080.000000 -431602080.000000 -431602080.000000
-431602080.000000 -431602080.000000 -431602080.000000 -431602080.000000 -431602080.000000 -431602080.000000 -431602080.000000 -431602080.000000
-431602080.000000 -431602080.000000 -431602080.000000 -431602080.000000 -431602080.000000 -431602080.000000 -431602080.000000 -431602080.000000
-431602080.000000 -431602080.000000 -431602080.000000 -431602080.000000 -431602080.000000 -431602080.000000 -431602080.000000 -431602080.000000
-431602080.000000 -431602080.000000 -431602080.000000 -431602080.000000 -431602080.000000 -431602080.000000 -431602080.000000 -431602080.000000
-431602080.000000 -431602080.000000 -431602080.000000 -431602080.000000 -431602080.000000 -431602080.000000 -431602080.000000 -431602080.000000
-431602080.000000 -431602080.000000 -431602080.000000 -431602080.000000 -431602080.000000 -431602080.000000 -431602080.000000 -431602080.000000
-431602080.000000 -431602080.000000 -431602080.000000 -431602080.000000 -431602080.000000 -431602080.000000 -431602080.000000 -431602080.000000
-431602080.000000 -431602080.000000 -431602080.000000 -431602080.000000 -431602080.000000 -431602080.000000 -431602080.000000 -431602080.000000
-431602080.000000 -431602080.000000 -431602080.000000 -431602080.000000 -431602080.000000 -431602080.000000 -431602080.000000 -431602080.000000
-431602080.000000 -431602080.000000 -431602080.000000 -431602080.000000 -431602080.000000 -431602080.000000 -431602080.000000 -431602080.000000
-431602080.000000 -431602080.000000 -431602080.000000 -431602080.000000 -431602080.000000 -431602080.000000 -431602080.000000 -431602080.000000
-431602080.000000 -431602080.000000 -431602080.000000 -431602080.000000 -431602080.000000 -431602080.000000 -431602080.000000 -431602080.000000
-431602080.000000 -431602080.000000 -431602080.000000 -431602080.000000 -431602080.000000 -431602080.000000 -431602080.000000 -431602080.000000
-431602080.000000 -431602080.000000 -431602080.000000 -431602080.000000 -431602080.000000 -431602080.000000 -431602080.000000 -431602080.000000
-431602080.000000 -431602080.000000 -431602080.000000 -431602080.000000 -431602080.000000 -431602080.000000 -431602080.000000 -431602080.000000
-431602080.000000 -431602080.000000 -431602080.000000 -431602080.000000 -431602080.000000 -431602080.000000 -431602080.000000 -431602080.000000
-431602080.000000 -431602080.000000 -431602080.000000 -431602080.000000 -431602080.000000 -431602080.000000 -431602080.000000 -431602080.000000
-431602080.000000 -431602080.000000 -431602080.000000 -431602080.000000 -431602080.000000 -431602080.000000 -431602080.000000 -431602080.000000
-431602080.000000 -431602080.000000 -431602080.000000 -431602080.000000 -431602080.000000 -431602080.000000 -431602080.000000 -431602080.000000
-431602080.000000 -431602080.000000 -431602080.000000 -431602080.000000 -431602080.000000 -431602080.000000 -431602080.000000 -431602080.000000
-431602080.000000 -431602080.000000 -431602080.000000 -431602080.000000 -431602080.000000 -431602080.000000 -431602080.000000 -431602080.000000
-431602080.000000 -431602080.000000 -431602080.000000 -431602080.000000 -431602080.000000 -431602080.000000 -431602080.000000 -431602080.000000
-431602080.000000 -431602080.000000 -431602080.000000 -431602080.000000 -431602080.000000 -431602080.000000 -431602080.000000 -431602080.000000
-431602080.000000 -431602080.000000 -431602080.000000 -431602080.000000 -431602080.000000 -431602080.000000 -431602080.000000 -431602080.000000
-431602080.000000 -431602080.000000 -431602080.000000 -431602080.000000 -431602080.000000 -431602080.000000 -431602080.000000 -431602080.000000
-431602080.000000 -431602080.000000 -431602080.000000 -431602080.000000 -431602080.000000 -431602080.000000 -431602080.000000 -431602080.000000
-431602080.000000 -431602080.000000 -431602080.000000 -431602080.000000 -431602080.000000 -431602080.000000 -431602080.000000 -431602080.000000
-431602080.000000 -431602080.000000 -431602080.000000 -431602080.000000 -431602080.000000 -431602080.000000 -431602080.000000 -431602080.000000
-431602080.000000 -431602080.000000 -431602080.000000 -431602080.000000 -431602080.000000 -431602080.000000 -431602080.000000 -431602080.000000
-431602080.000000 -431602080.000000 -431602080.000000 -431602080.000000 -431602080.000000 -431602080.000000 -431602080.000000 -431602080.000000
-431602080.000000 -431602080.000000 -431602080.000000 -431602080.000000 -431602080.000000 -431602080.000000 -431602080.000000 -431602080.000000
-431602080.000000 -431602080.000000 -431602080.000000 -431602080.000000 -431602080.000000 -431602080.000000 -431602080.000000 -431602080.000000
-431602080.000000 -431602080.000000 -431602080.000000 -431602080.000000 -431602080.000000 -431602080.000000 -431602080.000000 -431602080.000000
-431602080.000000 -431602080.000000 -431602080.000000 -431602080.000000 -431602080.000000 -431602080.000000 -431602080.000000 -431602080.000000
-431602080.000000 -431602080.000000 -431602080.000000 -431602080.000000 -431602080.000000 -431602080.000000 -431602080.000000 -431602080.000000
-431602080.000000 -431602080.000000 -431602080.000000 -431602080.000000 -431602080.000000 -431602080.000000 -431602080.000000 -431602080.000000
-431602080.000000 -431602080.000000 -431602080.000000 -431602080.000000 -431602080.000000 -431602080.000000 -431602080.000000 -431602080.000000
-431602080.000000 -431602080.000000 -431602080.000000 -431602080.000000 -431602080.000000 -431602080.000000 -431602080.000000 -431602080.000000
-431602080.000000 -431602080.000000 -431602080.000000 -431602080.000000 -431602080.000000 -431602080.000000 -431602080.000000 -431602080.000000
-431602080.000000 -431602080.000000 -431602080.000000 -431602080.000000 -431602080.000000 -431602080.000000 -431602080.000000 -431602080.000000
-431602080.000000 -431602080.000000 -431602080.000000 -431602080.000000 -431602080.000000 -431602080.000000 -431602080.000000 -431602080.000000
-431602080.000000 -431602080.000000 -431602080.000000 -431602080.000000 -431602080.000000 -431602080.000000 -431602080.000000 -431602080.000000
-431602080.000000 -431602080.000000 -431602080.000000 -431602080.000000 -431602080.000000 -431602080.000000 -431602080.000000 -431602080.000000
-431602080.000000 -431602080.000000 -431602080.000000 -431602080.000000 -431602080.000000 -431602080.000000 -431602080.000000 -431602080.000000
-431602080.000000 -431602080.000000 -431602080.000000 -431602080.000000 -431602080.000000 -431602080.000000 -431602080.000000 -431602080.000000
-431602080.000000 -431602080.000000 -431602080.000000 -431602080.000000 -431602080.000000 -431602080.000000 -431602080.000000 -431602080.000000
-431602080.000000 -431602080.000000 -431602080.000000 -431602080.000000 -431602080.000000 -431602080.000000 -431602080.000000 -431602080.000000
-431602080.000000 -431602080.000000 -431602080.000000 -431602080.000000 -431602080.000000 -431602080.000000 -431602080.000000 -431602080.000000
-431602080.000000 -431602080.000000 -431602080.000000 -431602080.000000 -431602080.000000 -431602080.000000 -431602080.000000 -431602080.000000
-431602080.000000 -431602080.000000 -431602080.000000 -431602080.000000 -431602080.000000 -431602080.000000 -431602080.000000 -431602080.000000
-431602080.000000 -431602080.000000 -431602080.000000 -431602080.000000 -431602080.000000 -431602080.000000 -431602080.000000 -431602080.000000
-431602080.000000 -431602080.000000 -431602080.000000 -431602080.000000 -431602080.000000 -431602080.000000 -431602080.000000 -431602080.000000
-431602080.000000 -431602080.000000 -431602080.000000 -431602080.000000 -431602080.000000 -431602080.000000 -431602080.000000 -431602080.000000
-431602080.000000 -431602080.000000 -431602080.000000 -431602080.000000 -431602080.000000 -431602080.000000 -431602080.000000 -431602080.000000
-431602080.000000 -431602080.000000 -431602080.000000 -431602080.000000 -431602080.000000 -431602080.000000 -431602080.000000 -431602080.000000
-431602080.000000 -431602080.000000 -431602080.000000 -431602080.000000 -431602080.000000 -431602080.000000 -431602080.000000 -431602080.000000
-431602080.000000 -431602080.000000 -431602080.000000 -431602080.000000 -431602080.000000 -431602080.000000 -431602080.000000 -431602080.000000
-431602080.000000 -431602080.000000 -431602080.000000 -431602080.000000 -431602080.000000 -431602080.000000 -431602080.000000 -431602080.000000
-431602080.000000 -431602080.000000 -431602080.000000 -431602080.000000 -431602080.000000 -431602080.000000 -431602080.000000 -431602080.000000
-431602080.000000 -431602080.000000 -431602080.000000 -431602080.000000 -431602080.000000 -431602080.000000 -431602080.000000 -431602080.000000
-431602080.000000 -431602080.000000 -431602080.000000 -431602080.000000 -431602080.000000 -431602080.000000 -431602080.000000 -431602080.000000
-431602080.000000 -431602080.000000 -431602080.000000 -431602080.000000 -431602080.000000 -431602080.000000 -431602080.000000 -431602080.000000
-431602080.000000 -431602080.000000 -431602080.000000 -431602080.000000 -431602080.000000 -431602080.000000 -431602080.000000 -431602080.000000
-431602080.000000 -431602080.000000 -431602080.000000 -431602080.000000 -431602080.000000 -431602080.000000 -431602080.000000 -431602080.000000
-431602080.000000 -431602080.000000 -431602080.000000 -431602080.000000 -431602080.000000 -431602080.000000 -431602080.000000 -431602080.000000
-431602080.000000 -431602080.000000 -431602080.000000 -431602080.000000 -431602080.000000 -431602080.000000 -431602080.000000 -431602080.000000
-431602080.000000 -431602080.000000 -431602080.000000 -431602080.000000 -431602080.000000 -431602080.000000 -431602080.000000 -431602080.000000
-431602080.000000 -431602080.000000 -431602080.000000 -431602080.000000 -431602080.000000 -431602080.000000 -431602080.000000 -431602080.000000
-431602080.000000 -431602080.000000 -431602080.000000 -431602080.000000 -431602080.000000 -431602080.000000 -431602080.000000 -431602080.000000
-431602080.000000 -431602080.000000 -431602080.000000 -431602080.000000 -431602080.000000 -431602080.000000 -431602080.000000 -431602080.000000
-431602080.000000 -431602080.000000 -431602080.000000 -431602080.000000 -431602080.000000 -431602080.000000 -431602080.000000 -431602080.000000
-431602080.000000 -431602080.000000 -431602080.000000 -431602080.000000 -431602080.000000 -431602080.000000 -431602080.000000 -431602080.000000
-431602080.000000 -431602080.000000 -431602080.000000 -431602080.000000 -431602080.000000 -431602080.000000 -431602080.000000 -431602080.000000
-431602080.000000 -431602080.000000 -431602080.000000 -431602080.000000 -431602080.000000 -431602080.000000 -431602080.000000 -431602080.000000
-431602080.000000 -431602080.000000 -431602080.000000 -431602080.000000 -431602080.000000 -431602080.000000 -431602080.000000 -431602080.000000
-431602080.000000 -431602080.000000 -431602080.000000 -431602080.000000 -431602080.000000 -431602080.000000 -431602080.000000 -431602080.000000
-431602080.000000 -431602080.000000 -431602080.000000 -431602080.000000 -431602080.000000 -431602080.000000 -431602080.000000 -431602080.000000
-431602080.000000 -431602080.000000 -431602080.000000 -431602080.000000 -431602080.000000 -431602080.000000 -431602080.000000 -431602080.000000
-431602080.000000 -431602080.000000 -431602080.000000 -431602080.000000 -431602080.000000 -431602080.000000 -431602080.000000 -431602080.000000
-431602080.000000 -431602080.000000 -431602080.000000 -431602080.000000 -431602080.000000 -431602080.000000 -431602080.000000 -431602080.000000
-431602080.000000 -431602080.000000 -431602080.000000 -431602080.000000 -431602080.000000 -431602080.000000 -431602080.000000 -431602080.000000
-431602080.000000 -431602080.000000 -431602080.000000 -431602080.000000 -431602080.000000 -431602080.000000 -431602080.000000 -431602080.000000
-431602080.000000 -431602080.000000 -431602080.000000 -431602080.000000 -431602080.000000 -431602080.000000 -431602080.000000 -431602080.000000
-431602080.000000 -431602080.000000 -431602080.000000 -431602080.000000 -431602080.000000 -431602080.000000 -431602080.000000 -431602080.000000
-431602080.000000 -431602080.000000 -431602080.000000 -431602080.000000 -431602080.000000 -431602080.000000 -431602080.000000 -431602080.000000
-431602080.000000 -431602080.000000 -431602080.000000 -431602080.000000 -431602080.000000 -431602080.000000 -431602080.000000 -431602080.000000
-431602080.000000 -431602080.000000 -431602080.000000 -431602080.000000 -431602080.000000 -431602080.000000 -431602080.000000 -431602080.000000
-431602080.000000 -431602080.000000 -431602080.000000 -431602080.000000 -431602080.000000 -431602080.000000 -431602080.000000 -431602080.000000
-431602080.000000 -431602080.000000 -431602080.000000 -431602080.000000 -431602080.000000 -431602080.000000 -431602080.000000 -431602080.000000
-431602080.000000 -431602080.000000 -431602080.000000 -431602080.000000 -431602080.000000 -431602080.000000 -431602080.000000 -431602080.000000
-431602080.000000 -431602080.000000 -431602080.000000 -431602080.000000 -431602080.000000 -431602080.000000 -431602080.000000 -431602080.000000
-431602080.000000 -431602080.000000 -431602080.000000 -431602080.000000 -431602080.000000 -431602080.000000 -431602080.000000 -431602080.000000
-431602080.000000 -431602080.000000 -431602080.000000 -431602080.000000 -431602080.000000 -431602080.000000 -431602080.000000 -431602080.000000
-431602080.000000 -431602080.000000 -431602080.000000 -431602080.000000 -431602080.000000 -431602080.000000 -431602080.000000 -431602080.000000
-431602080.000000 -431602080.000000 -431602080.000000 -431602080.000000 -431602080.000000 -431602080.000000 -431602080.000000 -431602080.000000
-431602080.000000 -431602080.000000 -431602080.000000 -431602080.000000 -431602080.000000 -431602080.000000 -431602080.000000 -431602080.000000
-431602080.000000 -431602080.000000 -431602080.000000 -431602080.000000 -431602080.000000 -431602080.000000 -431602080.000000 -431602080.000000
-431602080.000000 -431602080.000000 -431602080.000000 -431602080.000000 -431602080.000000 -431602080.000000 -431602080.000000 -431602080.000000
-431602080.000000 -431602080.000000 -431602080.000000 -431602080.000000 -431602080.000000 -431602080.000000 -431602080.000000 -431602080.000000
-431602080.000000 -431602080.000000 -431602080.000000 -431602080.000000 -431602080.000000 -431602080.000000 -431602080.000000 -431602080.000000
-431602080.000000 -431602080.000000 -431602080.000000 -431602080.000000 -431602080.000000 -431602080.000000 -431602080.000000 -431602080.000000
-431602080.000000 -431602080.000000 -431602080.000000 -431602080.000000 -431602080.000000 -431602080.000000 -431602080.000000 -431602080.000000
-431602080.000000 -431602080.000000 -431602080.000000 -431602080.000000 -431602080.000000 -431602080.000000 -431602080.000000 -431602080.000000
-431602080.000000 -431602080.000000 -431602080.000000 -431602080.000000 -431602080.000000 -431602080.000000 -431602080.000000 -431602080.000000
-431602080.000000 -431602080.000000 -431602080.000000 -431602080.000000 -431602080.000000 -431602080.000000 -431602080.000000 -431602080.000000
-431602080.000000 -431602080.000000 -431602080.000000 -431602080.000000 -431602080.000000 -431602080.000000 -431602080.000000 -431602080.000000
-431602080.000000 -431602080.000000 -431602080.000000 -431602080.000000 -431602080.000000 -431602080.000000 -431602080.000000 -431602080.000000
-431602080.000000 -431602080.000000 -431602080.000000 -431602080.000000 -431602080.000000 -431602080.000000 -431602080.000000 -431602080.000000
-431602080.000000 -431602080.000000 -431602080.000000 -431602080.000000 -431602080.000000 -431602080.000000 -431602080.000000 -431602080.000000
-431602080.000000 -431602080.000000 -431602080.000000 -431602080.000000 -431602080.000000 -431602080.000000 -431602080.000000 -431602080.000000
-431602080.000000 -431602080.000000 -431602080.000000 -431602080.000000 -431602080.000000 -431602080.000000 -431602080.000000 -431602080.000000
-431602080.000000 -431602080.000000 -431602080.000000 -431602080.000000 -431602080.000000 -431602080.000000 -431602080.000000 -431602080.000000
-431602080.000000 -431602080.000000 -431602080.000000 -431602080.000000 -431602080.000000 -431602080.000000 -431602080.000000 -431602080.000000
-431602080.000000 -431602080.000000 -431602080.000000 -431602080.000000 -431602080.000000 -431602080.000000 -431602080.000000 -431602080.000000
-431602080.000000 -431602080.000000 -431602080.000000 -431602080.000000 -431602080.000000 -431602080.000000 -431602080.000000 -431602080.000000
-431602080.000000 -431602080.000000 -431602080.000000 -431602080.000000 -431602080.000000 -431602080.000000 -431602080.000000 -431602080.000000
-431602080.000000 -431602080.000000 -431602080.000000 -431602080.000000 -431602080.000000 -431602080.000000 -431602080.000000 -431602080.000000
-431602080.000000 -431602080.000000 -431602080.000000 -431602080.000000 -431602080.000000 -431602080.000000 -431602080.000000 -431602080.000000
-431602080.000000 -431602080.000000 -431602080.000000 -431602080.000000 -431602080.000000 -431602080.000000 -431602080.000000 -431602080.000000
-431602080.000000 -431602080.000000 -431602080.000000 -431602080.000000 -431602080.000000 -431602080.000000 -431602080.000000 -431602080.000000
-431602080.000000 -431602080.000000 -431602080.000000 -431602080.000000 -431602080.000000 -431602080.000000 -431602080.000000 -431602080.000000
-431602080.000000 -431602080.000000 -431602080.000000 -431602080.000000 -431602080.000000 -431602080.000000 -431602080.000000 -431602080.000000
-431602080.000000 -431602080.000000 -431602080.000000 -431602080.000000 -431602080.000000 -431602080.000000 -431602080.000000 -431602080.000000
-431602080.000000 -431602080.000000 -431602080.000000 -431602080.000000 -431602080.000000 -431602080.000000 -431602080.000000 -431602080.000000
-431602080.000000 -431602080.000000 -431602080.000000 -431602080.000000 -431602080.000000 -431602080.000000 -431602080.000000 -431602080.000000
-431602080.000000 -431602080.000000 -431602080.000000 -431602080.000000 -431602080.000000 -431602080.000000 -431602080.000000 -431602080.000000
-431602080.000000 -431602080.000000 -431602080.000000 -431602080.000000 -431602080.000000 -431602080.000000 -431602080.000000 -431602080.000000
-431602080.000000 -431602080.000000 -431602080.000000 -431602080.000000 -431602080.000000 -431602080.000000 -431602080.000000 -431602080.000000
-431602080.000000 -431602080.000000 -431602080.000000 -431602080.000000 -431602080.000000 -431602080.000000 -431602080.000000 -431602080.000000
-431602080.000000 -431602080.000000 -431602080.000000 -431602080.000000 -431602080.000000 -431602080.000000 -431602080.000000 -431602080.000000
-431602080.000000 -431602080.000000 -431602080.000000 -431602080.000000 -431602080.000000 -431602080.000000 -431602080.000000 -431602080.000000
-431602080.000000 -431602080.000000 -431602080.000000 -431602080.000000 -431602080.000000 -431602080.000000 -431602080.000000 -431602080.000000
-431602080.000000 -431602080.000000 -431602080.000000 -431602080.000000 -431602080.000000 -431602080.000000 -431602080.000000 -431602080.000000
-431602080.000000 -431602080.000000 -431602080.000000 -431602080.000000 -431602080.000000 -431602080.000000 -431602080.000000 -431602080.000000
-431602080.000000 -431602080.000000 -431602080.000000 -431602080.000000 -431602080.000000 -431602080.000000 -431602080.000000 -431602080.000000
-431602080.000000 -431602080.000000 -431602080.000000 -431602080.000000 -431602080.000000 -431602080.000000 -431602080.000000 -431602080.000000
-431602080.000000 -431602080.000000 -431602080.000000 -431602080.000000 -431602080.000000 -431602080.000000 -431602080.000000 -431602080.000000
-431602080.000000 -431602080.000000 -431602080.000000 -431602080.000000 -431602080.000000 -431602080.000000 -431602080.000000 -431602080.000000
-431602080.000000 -431602080.000000 -431602080.000000 -431602080.000000 -431602080.000000 -431602080.000000 -431602080.000000 -431602080.000000
-431602080.000000 -431602080.000000 -431602080.000000 -431602080.000000 -431602080.000000 -431602080.000000 -431602080.000000 -431602080.000000
-431602080.000000 -431602080.000000 -431602080.000000 -431602080.000000 -431602080.000000 -431602080.000000 -431602080.000000 -431602080.000000
-431602080.000000 -431602080.000000 -431602080.000000 -431602080.000000 -431602080.000000 -431602080.000000 -431602080.000000 -431602080.000000
-431602080.000000 -431602080.000000 -431602080.000000 -431602080.000000 -431602080.000000 -431602080.000000 -431602080.000000 -431602080.000000
-431602080.000000 -431602080.000000 -431602080.000000 -431602080.000000 -431602080.000000 -431602080.000000 -431602080.000000 -431602080.000000
-431602080.000000 -431602080.000000 -431602080.000000 -431602080.000000 -431602080.000000 -431602080.000000 -431602080.000000 -431602080.000000
-431602080.000000 -431602080.000000 -431602080.000000 -431602080.000000 -431602080.000000 -431602080.000000 -431602080.000000 -431602080.000000
-431602080.000000 -431602080.000000 -431602080.000000 -431602080.000000 -431602080.000000 -431602080.000000 -431602080.000000 -431602080.000000
-431602080.000000 -431602080.000000 -431602080.000000 -431602080.000000 -431602080.000000 -431602080.000000 -431602080.000000 -431602080.000000
-431602080.000000 -431602080.000000 -431602080.000000 -431602080.000000 -431602080.000000 -431602080.000000 -431602080.000000 -431602080.000000
-431602080.000000 -431602080.000000 -431602080.000000 -431602080.000000 -431602080.000000 -431602080.000000 -431602080.000000 -431602080.000000
-431602080.000000 -431602080.000000 -431602080.000000 -431602080.000000 -431602080.000000 -431602080.000000 -431602080.000000 -431602080.000000
-431602080.000000 -431602080.000000 -431602080.000000 -431602080.000000 -431602080.000000 -431602080.000000 -431602080.000000 -431602080.000000
-431602080.000000 -431602080.000000 -431602080.000000 -431602080.000000 -431602080.000000 -431602080.000000 -431602080.000000 -431602080.000000
-431602080.000000 -431602080.000000 -431602080.000000 -431602080.000000 -431602080.000000 -431602080.000000 -431602080.000000 -431602080.000000
-431602080.000000 -431602080.000000 -431602080.000000 -431602080.000000 -431602080.000000 -431602080.000000 -431602080.000000 -431602080.000000
-431602080.000000 -431602080.000000 -431602080.000000 -431602080.000000 -431602080.000000 -431602080.000000 -431602080.000000 -431602080.000000
-431602080.000000 -431602080.000000 -431602080.000000 -431602080.000000 -431602080.000000 -431602080.000000 -431602080.000000 -431602080.000000
-431602080.000000 -431602080.000000 -431602080.000000 -431602080.000000 -431602080.000000 -431602080.000000 -431602080.000000 -431602080.000000
-431602080.000000 -431602080.000000 -431602080.000000 -431602080.000000 -431602080.000000 -431602080.000000 -431602080.000000 -431602080.000000
-431602080.000000 -431602080.000000 -431602080.000000 -431602080.000000 -431602080.000000 -431602080.000000 -431602080.000000 -431602080.000000
-431602080.000000 -431602080.000000 -431602080.000000 -431602080.000000 -431602080.000000 -431602080.000000 -431602080.000000 -431602080.000000
-431602080.000000 -431602080.000000 -431602080.000000 -431602080.000000 -431602080.000000 -431602080.000000 -431602080.000000 -431602080.000000
-431602080.000000 -431602080.000000 -431602080.000000 -431602080.000000 -431602080.000000 -431602080.000000 -431602080.000000 -431602080.000000
-431602080.000000 -431602080.000000 -431602080.000000 -431602080.000000 -431602080.000000 -431602080.000000 -431602080.000000 -431602080.000000
-431602080.000000 -431602080.000000 -431602080.000000 -431602080.000000 -431602080.000000 -431602080.000000 -431602080.000000 -431602080.000000
-431602080.000000 -431602080.000000 -431602080.000000 -431602080.000000 -431602080.000000 -431602080.000000 -431602080.000000 -431602080.000000
-431602080.000000 -431602080.000000 -431602080.000000 -431602080.000000 -431602080.000000 -431602080.000000 -431602080.000000 -431602080.000000
-431602080.000000 -431602080.000000 -431602080.000000 -431602080.000000 -431602080.000000 -431602080.000000 -431602080.000000 -431602080.000000
-431602080.000000 -431602080.000000 -431602080.000000 -431602080.000000 -431602080.000000 -431602080.000000 -431602080.000000 -431602080.000000
-431602080.000000 -431602080.000000 -431602080.000000 -431602080.000000 -431602080.000000 -431602080.000000 -431602080.000000 -431602080.000000
-431602080.000000 -431602080.000000 -431602080.000000 -431602080.000000 -431602080.000000 -431602080.000000 -431602080.000000 -431602080.000000
-431602080.000000 -431602080.000000 -431602080.000000 -431602080.000000 -431602080.000000 -431602080.000000 -431602080.000000 -431602080.000000
-431602080.000000 -431602080.000000 -431602080.000000 -431602080.000000 -431602080.000000 -431602080.000000 -431602080.000000 -431602080.000000
-431602080.000000 -431602080.000000 -431602080.000000 -431602080.000000 -431602080.000000 -431602080.000000 -431602080.000000 -431602080.000000
-431602080.000000 -431602080.000000 -431602080.000000 -431602080.000000 -431602080.000000 -431602080.000000 -431602080.000000 -431602080.000000
-431602080.000000 -431602080.000000 -431602080.000000 -431602080.000000 -431602080.000000 -431602080.000000 -431602080.000000 -431602080.000000
-431602080.000000 -431602080.000000 -431602080.000000 -431602080.000000 -431602080.000000 -431602080.000000 -431602080.000000 -431602080.000000
-431602080.000000 -431602080.000000 -431602080.000000 -431602080.000000 -431602080.000000 -431602080.000000 -431602080.000000 -431602080.000000
-431602080.000000 -431602080.000000 -431602080.000000 -431602080.000000 -431602080.000000 -431602080.000000 -431602080.000000 -431602080.000000
-431602080.000000 -431602080.000000 -431602080.000000 -431602080.000000 -431602080.000000 -431602080.000000 -431602080.000000 -431602080.000000
-431602080.000000 -431602080.000000 -431602080.000000 -431602080.000000 -431602080.000000 -431602080.000000 -431602080.000000 -431602080.000000
-431602080.000000 -431602080.000000 -431602080.000000 -431602080.000000 -431602080.000000 -431602080.000000 -431602080.000000 -431602080.000000
-431602080.000000 -431602080.000000 -431602080.000000 -431602080.000000 -431602080.000000 -431602080.000000 -431602080.000000 -431602080.000000
-431602080.000000 -431602080.000000 -431602080.000000 -431602080.000000 -431602080.000000 -431602080.000000 -431602080.000000 -431602080.000000
-431602080.000000 -431602080.000000 -431602080.000000 -431602080.000000 -431602080.000000 -431602080.000000 -431602080.000000 -431602080.000000
-431602080.000000 -431602080.000000 -431602080.000000 -431602080.000000 -431602080.000000 -431602080.000000 -431602080.000000 -431602080.000000
-431602080.000000 -431602080.000000 -431602080.000000 -431602080.000000 -431602080.000000 -431602080.000000 -431602080.000000 -431602080.000000
-431602080.000000 -431602080.000000 -431602080.000000 -431602080.000000 -431602080.000000 -431602080.000000 -431602080.000000 -431602080.000000
-431602080.000000 -431602080.000000 -431602080.000000 -431602080.000000 -431602080.000000 -431602080.000000 -431602080.000000 -431602080.000000
-431602080.000000 -431602080.000000 -431602080.000000 -431602080.000000 -431602080.000000 -431602080.000000 -431602080.000000 -431602080.000000
-431602080.000000 -431602080.000000 -431602080.000000 -431602080.000000 -431602080.000000 -431602080.000000 -431602080.000000 -431602080.000000
-431602080.000000 -431602080.000000 -431602080.000000 -431602080.000000 -431602080.000000 -431602080.000000 -431602080.000000 -431602080.000000
-431602080.000000 -431602080.000000 -431602080.000000 -431602080.000000 -431602080.000000 -431602080.000000 -431602080.000000 -431602080.000000
-431602080.000000 -431602080.000000 -431602080.000000 -431602080.000000 -431602080.000000 -431602080.000000 -431602080.000000 -431602080.000000
-431602080.000000 -431602080.000000 -431602080.000000 -431602080.000000 -431602080.000000 -431602080.000000 -431602080.000000 -431602080.000000
-431602080.000000 -431602080.000000 -431602080.000000 -431602080.000000 -431602080.000000 -431602080.000000 -431602080.000000 -431602080.000000
-431602080.000000 -431602080.000000 -431602080.000000 -431602080.000000 -431602080.000000 -431602080.000000 -431602080.000000 -431602080.000000
-431602080.000000 -431602080.000000 -431602080.000000 -431602080.000000 -431602080.000000 -431602080.000000 -431602080.000000 -431602080.000000
-431602080.000000 -431602080.000000 -431602080.000000 -431602080.000000 -431602080.000000 -431602080.000000 -431602080.000000 -431602080.000000
-431602080.000000 -431602080.000000 -431602080.000000 -431602080.000000 -431602080.000000 -431602080.000000 -431602080.000000 -431602080.000000
-431602080.000000 -431602080.000000 -431602080.000000 -431602080.000000 -431602080.000000 -431602080.000000 -431602080.000000 -431602080.000000
-431602080.000000 -431602080.000000 -431602080.000000 -431602080.000000 -431602080.000000 -431602080.000000 -431602080.000000 -431602080.000000
-431602080.000000 -431602080.000000 -431602080.000000 -431602080.000000 -431602080.000000 -431602080.000000 -431602080.000000 -431602080.000000
-431602080.000000 -431602080.000000 -431602080.000000 -431602080.000000 -431602080.000000 -431602080.000000 -431602080.000000 -431602080.000000
-431602080.000000 -431602080.000000 -431602080.000000 -431602080.000000 -431602080.000000 -431602080.000000 -431602080.000000 -431602080.000000
-431602080.000000 -431602080.000000 -431602080.000000 -431602080.000000 -431602080.000000 -431602080.000000 -431602080.000000 -431602080.000000
-431602080.000000 -431602080.000000 -431602080.000000 -431602080.000000 -431602080.000000 -431602080.000000 -431602080.000000 -431602080.000000
-431602080.000000 -431602080.000000 -431602080.000000 -431602080.000000 -431602080.000000 -431602080.000000 -431602080.000000 -431602080.000000
-431602080.000000 -431602080.000000 -431602080.000000 -431602080.000000 -431602080.000000 -431602080.000000 -431602080.000000 -431602080.000000
-431602080.000000 -431602080.000000 -431602080.000000 -431602080.000000 -431602080.000000 -431602080.000000 -431602080.000000 -431602080.000000
-431602080.000000 -431602080.000000 -431602080.000000 -431602080.000000 -431602080.000000 -431602080.000000 -431602080.000000 -431602080.000000
-431602080.000000 -431602080.000000 -431602080.000000 -431602080.000000 -431602080.000000 -431602080.000000 -431602080.000000 -431602080.000000
-431602080.000000 -431602080.000000 -431602080.000000 -431602080.000000 -431602080.000000 -431602080.000000 -431602080.000000 -431602080.000000
-431602080.000000 -431602080.000000 -431602080.000000 -431602080.000000 -431602080.000000 -431602080.000000 -431602080.000000 -431602080.000000
-431602080.000000 -431602080.000000 -431602080.000000 -431602080.000000 -431602080.000000 -431602080.000000 -431602080.000000 -431602080.000000
-431602080.000000 -431602080.000000 -431602080.000000 -431602080.000000 -431602080.000000 -431602080.000000 -431602080.000000 -431602080.000000
-431602080.000000 -431602080.000000 -431602080.000000 -431602080.000000 -431602080.000000 -431602080.000000 -431602080.000000 -431602080.000000
-431602080.000000 -431602080.000000 -431602080.000000 -431602080.000000 -431602080.000000 -431602080.000000 -431602080.000000 -431602080.000000
-431602080.000000 -431602080.000000 -431602080.000000 -431602080.000000 -431602080.000000 -431602080.000000 -431602080.000000 -431602080.000000
-431602080.000000 -431602080.000000 -431602080.000000 -431602080.000000 -431602080.000000 -431602080.000000 -431602080.000000 -431602080.000000
-431602080.000000 -431602080.000000 -431602080.000000 -431602080.000000 -431602080.000000 -431602080.000000 -431602080.000000 -431602080.000000
-431602080.000000 -431602080.000000 -431602080.000000 -431602080.000000 -431602080.000000 -431602080.000000 -431602080.000000 -431602080.000000
-431602080.000000 -431602080.000000 -431602080.000000 -431602080.000000 -431602080.000000 -431602080.000000 -431602080.000000 -431602080.000000
-431602080.000000 -431602080.000000 -431602080.000000 -431602080.000000 -431602080.000000 -431602080.000000 -431602080.000000 -431602080.000000
-431602080.000000 -431602080.000000 -431602080.000000 -431602080.000000 -431602080.000000 -431602080.000000 -431602080.000000 -431602080.000000
-431602080.000000 -431602080.000000 -431602080.000000 -431602080.000000 -431602080.000000 -431602080.000000 -431602080.000000 -431602080.000000
-431602080.000000 -431602080.000000 -431602080.000000 -431602080.000000 -431602080.000000 -431602080.000000 -431602080.000000 -431602080.000000
-431602080.000000 -431602080.000000 -431602080.000000 -431602080.000000 -431602080.000000 -431602080.000000 -431602080.000000 -431602080.000000
-431602080.000000 -431602080.000000 -431602080.000000 -431602080.000000 -431602080.000000 -431602080.000000 -431602080.000000 -431602080.000000
-431602080.000000 -431602080.000000 -431602080.000000 -431602080.000000 -431602080.000000 -431602080.000000 -431602080.000000 -431602080.000000
-431602080.000000 -431602080.000000 -431602080.000000 -431602080.000000 -431602080.000000 -431602080.000000 -431602080.000000 -431602080.000000
-431602080.000000 -431602080.000000 -431602080.000000 -431602080.000000 -431602080.000000 -431602080.000000 -431602080.000000 -431602080.000000
-431602080.000000 -431602080.000000 -431602080.000000 -431602080.000000 -431602080.000000 -431602080.000000 -431602080.000000 -431602080.000000
-431602080.000000 -431602080.000000 -431602080.000000 -431602080.000000 -431602080.000000 -431602080.000000 -431602080.000000 -431602080.000000
-431602080.000000 -431602080.000000 -431602080.000000 -431602080.000000 -431602080.000000 -431602080.000000 -431602080.000000 -431602080.000000
-431602080.000000 -431602080.000000 -431602080.000000 -431602080.000000 -431602080.000000 -431602080.000000 -431602080.000000 -431602080.000000
-431602080.000000 -431602080.000000 -431602080.000000 -431602080.000000 -431602080.000000 -431602080.000000 -431602080.000000 -431602080.000000
-431602080.000000 -431602080.000000 -431602080.000000 -431602080.000000 -431602080.000000 -431602080.000000 -431602080.000000 -431602080.000000
-431602080.000000 -431602080.000000 -431602080.000000 -431602080.000000 -431602080.000000 -431602080.000000 -431602080.000000 -431602080.000000
-431602080.000000 -431602080.000000 -431602080.000000 -431602080.000000 -431602080.000000 -431602080.000000 -431602080.000000 -431602080.000000
-431602080.000000 -431602080.000000 -431602080.000000 -431602080.000000 -431602080.000000 -431602080.000000 -431602080.000000 -431602080.000000
-431602080.000000 -431602080.000000 -431602080.000000 -431602080.000000 -431602080.000000 -431602080.000000 -431602080.000000 -431602080.000000
-431602080.000000 -431602080.000000 -431602080.000000 -431602080.000000 -431602080.000000 -431602080.000000 -431602080.000000 -431602080.000000
-431602080.000000 -431602080.000000 -431602080.000000 -431602080.000000 -431602080.000000 -431602080.000000 -431602080.000000 -431602080.000000
-431602080.000000 -431602080.000000 -431602080.000000 -431602080.000000 -431602080.000000 -431602080.000000 -431602080.000000 -431602080.000000
-431602080.000000 -431602080.000000 -431602080.000000 -431602080.000000 -431602080.000000 -431602080.000000 -431602080.000000 -431602080.000000
-431602080.000000 -431602080.000000 -431602080.000000 -431602080.000000 -431602080.000000 -431602080.000000 -431602080.000000 -431602080.000000
-431602080.000000 -431602080.000000 -431602080.000000 -431602080.000000 -431602080.000000 -431602080.000000 -431602080.000000 -431602080.000000
-431602080.000000 -431602080.000000 -431602080.000000 -431602080.000000 -431602080.000000 -431602080.000000 -431602080.000000 -431602080.000000
-431602080.000000 -431602080.000000 -431602080.000000 -431602080.000000 -431602080.000000 -431602080.000000 -431602080.000000 -431602080.000000
-431602080.000000 -431602080.000000 -431602080.000000 -431602080.000000 -431602080.000000 -431602080.000000 -431602080.000000 -431602080.000000
-431602080.000000 -431602080.000000 -431602080.000000 -431602080.000000 -431602080.000000 -431602080.000000 -431602080.000000 -431602080.000000
-431602080.000000 -431602080.000000 -431602080.000000 -431602080.000000 -431602080.000000 -431602080.000000 -431602080.000000 -431602080.000000
-431602080.000000 -431602080.000000 -431602080.000000 -431602080.000000 -431602080.000000 -431602080.000000 -431602080.000000 -431602080.000000
-431602080.000000 -431602080.000000 -431602080.000000 -431602080.000000 -431602080.000000 -431602080.000000 -431602080.000000 -431602080.000000
-431602080.000000 -431602080.000000 -431602080.000000 -431602080.000000 -431602080.000000 -431602080.000000 -431602080.000000 -431602080.000000
-431602080.000000 -431602080.000000 -431602080.000000 -431602080.000000 -431602080.000000 -431602080.000000 -431602080.000000 -431602080.000000
-431602080.000000 -431602080.000000 -431602080.000000 -431602080.000000 -431602080.000000 -431602080.000000 -431602080.000000 -431602080.000000
-431602080.000000 -431602080.000000 -431602080.000000 -431602080.000000 -431602080.000000 -431602080.000000 -431602080.000000 -431602080.000000
-431602080.000000 -431602080.000000 -431602080.000000 -431602080.000000 -431602080.000000 -431602080.000000 -431602080.000000 -431602080.000000
-431602080.000000 -431602080.000000 -431602080.000000 -431602080.000000 -431602080.000000 -431602080.000000 -431602080.000000 -431602080.000000
-431602080.000000 -431602080.000000 -431602080.000000 -431602080.000000 -431602080.000000 -431602080.000000 -431602080.000000 -431602080.000000
-431602080.000000 -431602080.000000 -431602080.000000 -431602080.000000 -431602080.000000 -431602080.000000 -431602080.000000 -431602080.000000
-431602080.000000 -431602080.000000 -431602080.000000 -431602080.000000 -431602080.000000 -431602080.000000 -431602080.000000 -431602080.000000
-431602080.000000 -431602080.000000 -431602080.000000 -431602080.000000 -431602080.000000 -431602080.000000 -431602080.000000 -431602080.000000
-431602080.000000 -431602080.000000 -431602080.000000 -431602080.000000 -431602080.000000 -431602080.000000 -431602080.000000 -431602080.000000
-431602080.000000 -431602080.000000 -431602080.000000 -431602080.000000 -431602080.000000 -431602080.000000 -431602080.000000 -431602080.000000
-431602080.000000 -431602080.000000 -431602080.000000 -431602080.000000 -431602080.000000 -431602080.000000 -431602080.000000 -431602080.000000
-431602080.000000 -431602080.000000 -431602080.000000 -431602080.000000 -431602080.000000 -431602080.000000 -431602080.000000 -431602080.000000
-431602080.000000 -431602080.000000 -431602080.000000 -431602080.000000 -431602080.000000 -431602080.000000 -431602080.000000 -431602080.000000
-431602080.000000 -431602080.000000 -431602080.000000 -431602080.000000 -431602080.000000 -431602080.000000 -431602080.000000 -431602080.000000
-431602080.000000 -431602080.000000 -431602080.000000 -431602080.000000 -431602080.000000 -431602080.000000 -431602080.000000 -431602080.000000
-431602080.000000 -431602080.000000 -431602080.000000 -431602080.000000 -431602080.000000 -431602080.000000 -431602080.000000 -431602080.000000
-431602080.000000 -431602080.000000 -431602080.000000 -431602080.000000 -431602080.000000 -431602080.000000 -431602080.000000 -431602080.000000
-431602080.000000 -431602080.000000 -431602080.000000 -431602080.000000 -431602080.000000 -431602080.000000 -431602080.000000 -431602080.000000
-431602080.000000 -431602080.000000 -431602080.000000 -431602080.000000 -431602080.000000 -431602080.000000 -431602080.000000 -431602080.000000
-431602080.000000 -431602080.000000 -431602080.000000 -431602080.000000 -431602080.000000 -431602080.000000 -431602080.000000 -431602080.000000
-431602080.000000 -431602080.000000 -431602080.000000 -431602080.000000 -431602080.000000 -431602080.000000 -431602080.000000 -431602080.000000
-431602080.000000 -431602080.000000 -431602080.000000 -431602080.000000 -431602080.000000 -431602080.000000 -431602080.000000 -431602080.000000
-431602080.000000 -431602080.000000 -431602080.000000 -431602080.000000 -431602080.000000 -431602080.000000 -431602080.000000 -431602080.000000
-431602080.000000 -431602080.000000 -431602080.000000 -431602080.000000 -431602080.000000 -431602080.000000 -431602080.000000 -431602080.000000
-431602080.000000 -431602080.000000 -431602080.000000 -431602080.000000 -431602080.000000 -431602080.000000 -431602080.000000 -431602080.000000
-431602080.000000 -431602080.000000 -431602080.000000 -431602080.000000 -431602080.000000 -431602080.000000 -431602080.000000 -431602080.000000
-431602080.000000 -431602080.000000 -431602080.000000 -431602080.000000 -431602080.000000 -431602080.000000 -431602080.000000 -431602080.000000
-431602080.000000 -431602080.000000 -431602080.000000 -431602080.000000 -431602080.000000 -431602080.000000 -431602080.000000 -431602080.000000
-431602080.000000 -431602080.000000 -431602080.000000 -431602080.000000 -431602080.000000 -431602080.000000 -431602080.000000 -431602080.000000
-431602080.000000 -431602080.000000 -431602080.000000 -431602080.000000 -431602080.000000 -431602080.000000 -431602080.000000 -431602080.000000
-431602080.000000 -431602080.000000 -431602080.000000 -431602080.000000 -431602080.000000 -431602080.000000 -431602080.000000 -431602080.000000
-431602080.000000 -431602080.000000 -431602080.000000 -431602080.000000 -431602080.000000 -431602080.000000 -431602080.000000 -431602080.000000
-431602080.000000 -431602080.000000 -431602080.000000 -431602080.000000 -431602080.000000 -431602080.000000 -431602080.000000 -431602080.000000
-431602080.000000 -431602080.000000 -431602080.000000 -431602080.000000 -431602080.000000 -431602080.000000 -431602080.000000 -431602080.000000
-431602080.000000 -431602080.000000 -431602080.000000 -431602080.000000 -431602080.000000 -431602080.000000 -431602080.000000 -431602080.000000
-431602080.000000 -431602080.000000 -431602080.000000 -431602080.000000 -431602080.000000 -431602080.000000 -431602080.000000 -431602080.000000
-431602080.000000 -431602080.000000 -431602080.000000 -431602080.000000 -431602080.000000 -431602080.000000 -431602080.000000 -431602080.000000
-431602080.000000 -431602080.000000 -431602080.000000 -431602080.000000 -431602080.000000 -431602080.000000 -431602080.000000 -431602080.000000
-431602080.000000 -431602080.000000 -431602080.000000 -431602080.000000 -431602080.000000 -431602080.000000 -431602080.000000 -431602080.000000
-431602080.000000 -431602080.000000 -431602080.000000 -431602080.000000 -431602080.000000 -431602080.000000 -431602080.000000 -431602080.000000
-431602080.000000 -431602080.000000 -431602080.000000 -431602080.000000 -431602080.000000 -431602080.000000 -431602080.000000 -431602080.000000
-431602080.000000 -431602080.000000 -431602080.000000 -431602080.000000 -431602080.000000 -431602080.000000 -431602080.000000 -431602080.000000
-431602080.000000 -431602080.000000 -431602080.000000 -431602080.000000 -431602080.000000 -431602080.000000 -431602080.000000 -431602080.000000
-431602080.000000 -431602080.000000 -431602080.000000 -431602080.000000 -431602080.000000 -431602080.000000 -431602080.000000 -431602080.000000
-431602080.000000 -431602080.000000 -431602080.000000 -431602080.000000 -431602080.000000 -431602080.000000 -431602080.000000 -431602080.000000
-431602080.000000 -431602080.000000 -431602080.000000 -431602080.000000 -431602080.000000 -431602080.000000 -431602080.000000 -431602080.000000
-431602080.000000 -431602080.000000 -431602080.000000 -431602080.000000 -431602080.000000 -431602080.000000 -431602080.000000 -431602080.000000
-431602080.000000 -431602080.000000 -431602080.000000 -431602080.000000 -431602080.000000 -431602080.000000 -431602080.000000 -431602080.000000
-431602080.000000 -431602080.000000 -431602080.000000 -431602080.000000 -431602080.000000 -431602080.000000 -431602080.000000 -431602080.000000
-431602080.000000 -431602080.000000 -431602080.000000 -431602080.000000 -431602080.000000 -431602080.000000 -431602080.000000 -431602080.000000
-431602080.000000 -431602080.000000 -431602080.000000 -431602080.000000 -431602080.000000 -431602080.000000 -431602080.000000 -431602080.000000
-431602080.000000 -431602080.000000 -431602080.000000 -431602080.000000 -431602080.000000 -431602080.000000 -431602080.000000 -431602080.000000
-431602080.000000 -431602080.000000 -431602080.000000 -431602080.000000 -431602080.000000 -431602080.000000 -431602080.000000 -431602080.000000
-431602080.000000 -431602080.000000 -431602080.000000 -431602080.000000 -431602080.000000 -431602080.000000 -431602080.000000 -431602080.000000
-431602080.000000 -431602080.000000 -431602080.000000 -431602080.000000 -431602080.000000 -431602080.000000 -431602080.000000 -431602080.000000
-431602080.000000 -431602080.000000 -431602080.000000 -431602080.000000 -431602080.000000 -431602080.000000 -431602080.000000 -431602080.000000
-431602080.000000 -431602080.000000 -431602080.000000 -431602080.000000 -431602080.000000 -431602080.000000 -431602080.000000 -431602080.000000
-431602080.000000 -431602080.000000 -431602080.000000 -431602080.000000 -431602080.000000 -431602080.000000 -431602080.000000 -431602080.000000
-431602080.000000 -431602080.000000 -431602080.000000 -431602080.000000 -431602080.000000 -431602080.000000 -431602080.000000 -431602080.000000
-431602080.000000 -431602080.000000 -431602080.000000 -431602080.000000 -431602080.000000 -431602080.000000 -431602080.000000 -431602080.000000
-431602080.000000 -431602080.000000 -431602080.000000 -431602080.000000 -431602080.000000 -431602080.000000 -431602080.000000 -431602080.000000
-431602080.000000 -431602080.000000 -431602080.000000 -431602080.000000 -431602080.000000 -431602080.000000 -431602080.000000 -431602080.000000
-431602080.000000 -431602080.000000 -431602080.000000 -431602080.000000 -431602080.000000 -431602080.000000 -431602080.000000 -431602080.000000
-431602080.000000 -431602080.000000 -431602080.000000 -431602080.000000 -431602080.000000 -431602080.000000 -431602080.000000 -431602080.000000
-431602080.000000 -431602080.000000 -431602080.000000 -431602080.000000 -431602080.000000 -431602080.000000 -431602080.000000 -431602080.000000
-431602080.000000 -431602080.000000 -431602080.000000 -431602080.000000 -431602080.000000 -431602080.000000 -431602080.000000 -431602080.000000
-431602080.000000 -431602080.000000 -431602080.000000 -431602080.000000 -431602080.000000 -431602080.000000 -431602080.000000 -431602080.000000
-431602080.000000 -431602080.000000 -431602080.000000 -431602080.000000 -431602080.000000 -431602080.000000 -431602080.000000 -431602080.000000
-431602080.000000 -431602080.000000 -431602080.000000 -431602080.000000 -431602080.000000 -431602080.000000 -431602080.000000 -431602080.000000
-431602080.000000 -431602080.000000 -431602080.000000 -431602080.000000 -431602080.000000 -431602080.000000 -431602080.000000 -431602080.000000
-431602080.000000 -431602080.000000 -431602080.000000 -431602080.000000 -431602080.000000 -431602080.000000 -431602080.000000 -431602080.000000
-431602080.000000 -431602080.000000 -431602080.000000 -431602080.000000 -431602080.000000 -431602080.000000 -431602080.000000 -431602080.000000
-431602080.000000 -431602080.000000 -431602080.000000 -431602080.000000 -431602080.000000 -431602080.000000 -431602080.000000 -431602080.000000
-431602080.000000 -431602080.000000 -431602080.000000 -431602080.000000 -431602080.000000 -431602080.000000 -431602080.000000 -431602080.000000
-431602080.000000 -431602080.000000 -431602080.000000 -431602080.000000 -431602080.000000 -431602080.000000 -431602080.000000 -431602080.000000
-431602080.000000 -431602080.000000 -431602080.000000 -431602080.000000 -431602080.000000 -431602080.000000 -431602080.000000 -431602080.000000
-431602080.000000 -431602080.000000 -431602080.000000 -431602080.000000 -431602080.000000 -431602080.000000 -431602080.000000 -431602080.000000
-431602080.000000 -431602080.000000 -431602080.000000 -431602080.000000 -431602080.000000 -431602080.000000 -431602080.000000 -431602080.000000
-431602080.000000 -431602080.000000 -431602080.000000 -431602080.000000 -431602080.000000 -431602080.000000 -431602080.000000 -431602080.000000
-431602080.000000 -431602080.000000 -431602080.000000 -431602080.000000 -431602080.000000 -431602080.000000 -431602080.000000 -431602080.000000
-431602080.000000 -431602080.000000 -431602080.000000 -431602080.000000 -431602080.000000 -431602080.000000 -431602080.000000 -431602080.000000
-431602080.000000 -431602080.000000 -431602080.000000 -431602080.000000 -431602080.000000 -431602080.000000 -431602080.000000 -431602080.000000
-431602080.000000 -431602080.000000 -431602080.000000 -431602080.000000 -431602080.000000 -431602080.000000 -431602080.000000 -431602080.000000
-431602080.000000 -431602080.000000 -431602080.000000 -431602080.000000 -431602080.000000 -431602080.000000 -431602080.000000 -431602080.000000
-431602080.000000 -431602080.000000 -431602080.000000 -431602080.000000 -431602080.000000 -431602080.000000 -431602080.000000 -431602080.000000
-431602080.000000 -431602080.000000 -431602080.000000 -431602080.000000 -431602080.000000 -431602080.000000 -431602080.000000 -431602080.000000
-431602080.000000 -431602080.000000 -431602080.000000 -431602080.000000 -431602080.000000 -431602080.000000 -431602080.000000 -431602080.000000
-431602080.000000 -431602080.000000 -431602080.000000 -431602080.000000 -431602080.000000 -431602080.000000 -431602080.000000 -431602080.000000
-431602080.000000 -431602080.000000 -431602080.000000 -431602080.000000 -431602080.000000 -431602080.000000 -431602080.000000 -431602080.000000
-431602080.000000 -431602080.000000 -431602080.000000 -431602080.000000 -431602080.000000 -431602080.000000 -431602080.000000 -431602080.000000
-431602080.000000 -431602080.000000 -431602080.000000 -431602080.000000 -431602080.000000 -431602080.000000 -431602080.000000 -431602080.000000
-431602080.000000 -431602080.000000 -431602080.000000 -431602080.000000 -431602080.000000 -431602080.000000 -431602080.000000 -431602080.000000
-431602080.000000 -431602080.000000 -431602080.000000 -431602080.000000 -431602080.000000 -431602080.000000 -431602080.000000 -431602080.000000
-431602080.000000 -431602080.000000 -431602080.000000 -431602080.000000 -431602080.000000 -431602080.000000 -431602080.000000 -431602080.000000
-431602080.000000 -431602080.000000 -431602080.000000 -431602080.000000 -431602080.000000 -431602080.000000 -431602080.000000 -431602080.000000
-431602080.000000 -431602080.000000 -431602080.000000 -431602080.000000 -431602080.000000 -431602080.000000 -431602080.000000 -431602080.000000
-431602080.000000 -431602080.000000 -431602080.000000 -431602080.000000 -431602080.000000 -431602080.000000 -431602080.000000 -431602080.000000
-431602080.000000 -431602080.000000 -431602080.000000 -431602080.000000 -431602080.000000 -431602080.000000 -431602080.000000 -431602080.000000
-431602080.000000 -431602080.000000 -431602080.000000 -431602080.000000 -431602080.000000 -431602080.000000 -431602080.000000 -431602080.000000
-431602080.000000 -431602080.000000 -431602080.000000 -431602080.000000 -431602080.000000 -431602080.000000 -431602080.000000 -431602080.000000
-431602080.000000 -431602080.000000 -431602080.000000 -431602080.000000 -431602080.000000 -431602080.000000 -431602080.000000 -431602080.000000
-431602080.000000 -431602080.000000 -431602080.000000 -431602080.000000 -431602080.000000 -431602080.000000 -431602080.000000 -431602080.000000
-431602080.000000 -431602080.000000 -431602080.000000 -431602080.000000 -431602080.000000 -431602080.000000 -431602080.000000 -431602080.000000
-431602080.000000 -431602080.000000 -431602080.000000 -431602080.000000 -431602080.000000 -431602080.000000 -431602080.000000 -431602080.000000
-431602080.000000 -431602080.000000 -431602080.000000 -431602080.000000 -431602080.000000 -431602080.000000 -431602080.000000 -431602080.000000
-431602080.000000 -431602080.000000 -431602080.000000 -431602080.000000 -431602080.000000 -431602080.000000 -431602080.000000 -431602080.000000
-431602080.000000 -431602080.000000 -431602080.000000 -431602080.000000 -431602080.000000 -431602080.000000 -431602080.000000 -431602080.000000
-431602080.000000 -431602080.000000 -431602080.000000 -431602080.000000 -431602080.000000 -431602080.000000 -431602080.000000 -431602080.000000
-431602080.000000 -431602080.000000 -431602080.000000 -431602080.000000 -431602080.000000 -431602080.000000 -431602080.000000 -431602080.000000
-431602080.000000 -431602080.000000 -431602080.000000 -431602080.000000 -431602080.000000 -431602080.000000 -431602080.000000 -431602080.000000
-431602080.000000 -431602080.000000 -431602080.000000 -431602080.000000 -431602080.000000 -431602080.000000 -431602080.000000 -431602080.000000
-431602080.000000 -431602080.000000 -431602080.000000 -431602080.000000 -431602080.000000 -431602080.000000 -431602080.000000 -431602080.000000
-431602080.000000 -431602080.000000 -431602080.000000 -431602080.000000 -431602080.000000 -431602080.000000 -431602080.000000 -431602080.000000
-431602080.000000 -431602080.000000 -431602080.000000 -431602080.000000 -431602080.000000 -431602080.000000 -431602080.000000 -431602080.000000
-431602080.000000 -431602080.000000 -431602080.000000 -431602080.000000 -431602080.000000 -431602080.000000 -431602080.000000 -431602080.000000
