800
0.375000 -0.349066 0.436332 -0.785398 1.239184 -0.349066 0.349066 0.000000
0.375000 -0.349066 0.436332 -0.785398 1.239184 -0.349066 0.349066 0.000000
0.375000 -0.349066 0.436332 -0.785398 1.239184 -0.349066 0.349066 -0.000000
0.375000 -0.349066 0.436332 -0.785398 1.239184 -0.349066 0.349065 -0.000000
0.375001 -0.349067 0.436331 -0.785398 1.239186 -0.349066 0.349064 -0.000001
0.375003 -0.349068 0.436328 -0.785397 1.239190 -0.349066 0.349061 -0.000003
0.375006 -0.349071 0.436324 -0.785395 1.239195 -0.349066 0.349056 -0.000006
0.375010 -0.349074 0.436319 -0.785393 1.239204 -0.349066 0.349049 -0.000010
0.375015 -0.349079 0.436311 -0.785390 1.239215 -0.349067 0.349039 -0.000017
0.375023 -0.349086 0.436300 -0.785387 1.239231 -0.349067 0.349026 -0.000025
0.375032 -0.349094 0.436286 -0.785382 1.239251 -0.349067 0.349009 -0.000035
0.375044 -0.349105 0.436269 -0.785376 1.239276 -0.349068 0.348988 -0.000049
0.375059 -0.349118 0.436248 -0.785368 1.239306 -0.349069 0.348962 -0.000065
0.375077 -0.349134 0.436223 -0.785360 1.239342 -0.349070 0.348931 -0.000084
0.375097 -0.349152 0.436194 -0.785349 1.239385 -0.349071 0.348895 -0.000107
0.375122 -0.349173 0.436159 -0.785337 1.239436 -0.349072 0.348852 -0.000133
0.375150 -0.349198 0.436119 -0.785323 1.239494 -0.349073 0.348803 -0.000164
0.375182 -0.349226 0.436074 -0.785307 1.239560 -0.349075 0.348747 -0.000199
0.375218 -0.349258 0.436022 -0.785288 1.239635 -0.349076 0.348683 -0.000239
0.375258 -0.349294 0.435964 -0.785268 1.239719 -0.349078 0.348612 -0.000283
0.375304 -0.349334 0.435900 -0.785245 1.239813 -0.349081 0.348532 -0.000333
0.375354 -0.349379 0.435828 -0.785220 1.239918 -0.349083 0.348443 -0.000389
0.375410 -0.349429 0.435748 -0.785191 1.240034 -0.349086 0.348345 -0.000450
0.375472 -0.349483 0.435660 -0.785160 1.240161 -0.349089 0.348237 -0.000517
0.375539 -0.349542 0.435564 -0.785127 1.240301 -0.349092 0.348119 -0.000591
0.375612 -0.349607 0.435460 -0.785090 1.240453 -0.349096 0.347990 -0.000672
0.375692 -0.349678 0.435346 -0.785049 1.240618 -0.349100 0.347850 -0.000759
0.375778 -0.349754 0.435223 -0.785006 1.240798 -0.349104 0.347699 -0.000854
0.375872 -0.349836 0.435090 -0.784959 1.240991 -0.349109 0.347535 -0.000956
0.375972 -0.349925 0.434946 -0.784908 1.241200 -0.349114 0.347358 -0.001067
0.376080 -0.350020 0.434792 -0.784854 1.241424 -0.349119 0.347169 -0.001185
0.376195 -0.350122 0.434627 -0.784795 1.241664 -0.349125 0.346966 -0.001312
0.376318 -0.350231 0.434450 -0.784733 1.241920 -0.349132 0.346749 -0.001448
0.376450 -0.350348 0.434262 -0.784667 1.242194 -0.349138 0.346518 -0.001592
0.376590 -0.350472 0.434061 -0.784596 1.242485 -0.349146 0.346272 -0.001746
0.376738 -0.350603 0.433848 -0.784521 1.242795 -0.349153 0.346011 -0.001910
0.376896 -0.350742 0.433622 -0.784441 1.243123 -0.349162 0.345734 -0.002083
0.377062 -0.350889 0.433383 -0.784357 1.243469 -0.349170 0.345442 -0.002266
0.377237 -0.351044 0.433131 -0.784268 1.243834 -0.349180 0.345135 -0.002459
0.377420 -0.351206 0.432867 -0.784175 1.244218 -0.349190 0.344812 -0.002662
0.377613 -0.351377 0.432589 -0.784078 1.244620 -0.349200 0.344473 -0.002874
0.377814 -0.351555 0.432299 -0.783976 1.245041 -0.349211 0.344119 -0.003096
0.378023 -0.351740 0.431996 -0.783870 1.245480 -0.349223 0.343750 -0.003328
0.378242 -0.351934 0.431680 -0.783759 1.245937 -0.349235 0.343366 -0.003569
0.378469 -0.352135 0.431351 -0.783643 1.246413 -0.349247 0.342966 -0.003821
0.378704 -0.352344 0.431009 -0.783524 1.246908 -0.349261 0.342551 -0.004082
0.378949 -0.352560 0.430654 -0.783399 1.247422 -0.349275 0.342121 -0.004352
0.379201 -0.352784 0.430286 -0.783271 1.247954 -0.349289 0.341675 -0.004633
0.379463 -0.353016 0.429905 -0.783138 1.248504 -0.349305 0.341215 -0.004923
0.379733 -0.353255 0.429511 -0.783000 1.249074 -0.349321 0.340739 -0.005223
0.380012 -0.353502 0.429104 -0.782858 1.249661 -0.349337 0.340248 -0.005533
0.380299 -0.353757 0.428684 -0.782711 1.250268 -0.349355 0.339741 -0.005852
0.380594 -0.354019 0.428250 -0.782560 1.250893 -0.349373 0.339220 -0.006181
0.380898 -0.354289 0.427804 -0.782405 1.251537 -0.349392 0.338683 -0.006520
0.381211 -0.354566 0.427344 -0.782245 1.252200 -0.349411 0.338132 -0.006869
0.381532 -0.354851 0.426871 -0.782081 1.252882 -0.349432 0.337565 -0.007228
0.381862 -0.355143 0.426384 -0.781912 1.253582 -0.349453 0.336983 -0.007596
0.382199 -0.355443 0.425884 -0.781739 1.254302 -0.349475 0.336387 -0.007974
0.382546 -0.355751 0.425371 -0.781561 1.255040 -0.349498 0.335775 -0.008362
0.382900 -0.356066 0.424844 -0.781379 1.255797 -0.349522 0.335148 -0.008759
0.383263 -0.356388 0.424304 -0.781192 1.256573 -0.349546 0.334507 -0.009167
0.383634 -0.356718 0.423751 -0.781001 1.257367 -0.349572 0.333851 -0.009584
0.384014 -0.357055 0.423183 -0.780806 1.258181 -0.349599 0.333180 -0.010011
0.384401 -0.357400 0.422603 -0.780606 1.259014 -0.349626 0.332494 -0.010447
0.384797 -0.357752 0.422008 -0.780401 1.259866 -0.349655 0.331793 -0.010894
0.385201 -0.358111 0.421400 -0.780193 1.260736 -0.349684 0.331078 -0.011350
0.385614 -0.358478 0.420778 -0.779980 1.261626 -0.349715 0.330347 -0.011816
0.386034 -0.358852 0.420142 -0.779762 1.262535 -0.349746 0.329603 -0.012292
0.386462 -0.359234 0.419493 -0.779540 1.263464 -0.349779 0.328843 -0.012777
0.386899 -0.359622 0.418830 -0.779314 1.264411 -0.349813 0.328070 -0.013273
0.387343 -0.360018 0.418153 -0.779083 1.265376 -0.349848 0.327282 -0.013777
0.387794 -0.360420 0.417463 -0.778848 1.266360 -0.349884 0.326481 -0.014291
0.388253 -0.360829 0.416760 -0.778610 1.267361 -0.349921 0.325667 -0.014814
0.388719 -0.361244 0.416046 -0.778367 1.268379 -0.349959 0.324841 -0.015345
0.389190 -0.361665 0.415318 -0.778121 1.269413 -0.349999 0.324002 -0.015884
0.389669 -0.362091 0.414580 -0.777871 1.270463 -0.350039 0.323152 -0.016431
0.390153 -0.362523 0.413830 -0.777618 1.271528 -0.350081 0.322292 -0.016986
0.390643 -0.362961 0.413068 -0.777362 1.272608 -0.350124 0.321420 -0.017549
0.391138 -0.363403 0.412297 -0.777103 1.273702 -0.350168 0.320539 -0.018118
0.391638 -0.363850 0.411515 -0.776840 1.274810 -0.350214 0.319648 -0.018694
0.392144 -0.364301 0.410722 -0.776575 1.275931 -0.350260 0.318749 -0.019277
0.392653 -0.364757 0.409921 -0.776307 1.277065 -0.350308 0.317840 -0.019865
0.393167 -0.365216 0.409110 -0.776036 1.278211 -0.350357 0.316924 -0.020460
0.393685 -0.365680 0.408290 -0.775763 1.279368 -0.350407 0.316000 -0.021060
0.394207 -0.366146 0.407462 -0.775488 1.280537 -0.350458 0.315069 -0.021666
0.394733 -0.366616 0.406625 -0.775211 1.281715 -0.350511 0.314132 -0.022276
0.395261 -0.367090 0.405781 -0.774931 1.282904 -0.350564 0.313188 -0.022892
0.395792 -0.367565 0.404929 -0.774650 1.284102 -0.350619 0.312239 -0.023511
0.396326 -0.368044 0.404070 -0.774367 1.285309 -0.350675 0.311284 -0.024135
0.396863 -0.368524 0.403204 -0.774082 1.286524 -0.350732 0.310325 -0.024763
0.397401 -0.369007 0.402333 -0.773796 1.287747 -0.350790 0.309362 -0.025394
0.397942 -0.369491 0.401455 -0.773509 1.288977 -0.350849 0.308395 -0.026029
0.398484 -0.369978 0.400571 -0.773221 1.290214 -0.350910 0.307424 -0.026666
0.399027 -0.370465 0.399683 -0.772931 1.291457 -0.350971 0.306451 -0.027306
0.399571 -0.370954 0.398789 -0.772641 1.292705 -0.351034 0.305475 -0.027949
0.400116 -0.371443 0.397892 -0.772349 1.293958 -0.351097 0.304497 -0.028593
0.400662 -0.371933 0.396990 -0.772058 1.295216 -0.351162 0.303518 -0.029240
0.401208 -0.372423 0.396084 -0.771765 1.296477 -0.351228 0.302538 -0.029887
0.401754 -0.372914 0.395176 -0.771473 1.297742 -0.351294 0.301557 -0.030536
0.402300 -0.373405 0.394264 -0.771180 1.299010 -0.351362 0.300577 -0.031186
0.402845 -0.373895 0.393351 -0.770887 1.300279 -0.351430 0.299596 -0.031837
0.403390 -0.374385 0.392435 -0.770594 1.301551 -0.351500 0.298616 -0.032487
0.403934 -0.374874 0.391517 -0.770301 1.302823 -0.351570 0.297638 -0.033138
0.404476 -0.375363 0.390598 -0.770009 1.304096 -0.351642 0.296660 -0.033789
0.405018 -0.375851 0.389677 -0.769717 1.305370 -0.351714 0.295684 -0.034440
0.405559 -0.376338 0.388755 -0.769425 1.306646 -0.351787 0.294710 -0.035091
0.406099 -0.376824 0.387830 -0.769133 1.307922 -0.351861 0.293736 -0.035741
0.406638 -0.377310 0.386905 -0.768842 1.309199 -0.351936 0.292764 -0.036392
0.407176 -0.377795 0.385977 -0.768550 1.310477 -0.352011 0.291792 -0.037043
0.407713 -0.378279 0.385048 -0.768259 1.311757 -0.352088 0.290823 -0.037694
0.408249 -0.378763 0.384118 -0.767968 1.313037 -0.352166 0.289854 -0.038344
0.408784 -0.379246 0.383186 -0.767678 1.314318 -0.352244 0.288886 -0.038995
0.409319 -0.379728 0.382252 -0.767388 1.315601 -0.352324 0.287920 -0.039646
0.409852 -0.380209 0.381316 -0.767098 1.316884 -0.352404 0.286955 -0.040297
0.410384 -0.380690 0.380379 -0.766808 1.318168 -0.352485 0.285992 -0.040947
0.410916 -0.381170 0.379440 -0.766518 1.319454 -0.352568 0.285029 -0.041598
0.411446 -0.381649 0.378499 -0.766229 1.320740 -0.352651 0.284068 -0.042249
0.411975 -0.382127 0.377557 -0.765940 1.322027 -0.352735 0.283108 -0.042899
0.412504 -0.382605 0.376613 -0.765652 1.323316 -0.352820 0.282150 -0.043550
0.413031 -0.383082 0.375668 -0.765363 1.324605 -0.352906 0.281192 -0.044200
0.413558 -0.383558 0.374721 -0.765075 1.325896 -0.352992 0.280236 -0.044851
0.414084 -0.384034 0.373772 -0.764788 1.327187 -0.353080 0.279282 -0.045501
0.414608 -0.384509 0.372821 -0.764500 1.328479 -0.353169 0.278328 -0.046152
0.415132 -0.384983 0.371869 -0.764213 1.329773 -0.353259 0.277376 -0.046802
0.415655 -0.385456 0.370915 -0.763926 1.331067 -0.353349 0.276425 -0.047452
0.416177 -0.385928 0.369960 -0.763640 1.332363 -0.353441 0.275475 -0.048103
0.416697 -0.386400 0.369002 -0.763354 1.333659 -0.353533 0.274527 -0.048753
0.417217 -0.386871 0.368043 -0.763068 1.334956 -0.353627 0.273580 -0.049403
0.417736 -0.387341 0.367083 -0.762782 1.336255 -0.353721 0.272634 -0.050053
0.418254 -0.387811 0.366120 -0.762497 1.337554 -0.353816 0.271689 -0.050703
0.418771 -0.388279 0.365156 -0.762213 1.338855 -0.353913 0.270746 -0.051353
0.419287 -0.388747 0.364191 -0.761928 1.340156 -0.354010 0.269804 -0.052003
0.419802 -0.389214 0.363223 -0.761644 1.341459 -0.354108 0.268863 -0.052653
0.420317 -0.389681 0.362254 -0.761361 1.342762 -0.354207 0.267924 -0.053303
0.420830 -0.390146 0.361283 -0.761077 1.344067 -0.354307 0.266986 -0.053953
0.421342 -0.390611 0.360310 -0.760794 1.345372 -0.354409 0.266049 -0.054602
0.421853 -0.391075 0.359336 -0.760512 1.346679 -0.354511 0.265114 -0.055252
0.422363 -0.391538 0.358360 -0.760230 1.347986 -0.354614 0.264180 -0.055901
0.422873 -0.392001 0.357382 -0.759948 1.349295 -0.354718 0.263247 -0.056551
0.423381 -0.392462 0.356403 -0.759667 1.350605 -0.354823 0.262315 -0.057200
0.423889 -0.392923 0.355422 -0.759386 1.351915 -0.354929 0.261385 -0.057850
0.424395 -0.393383 0.354439 -0.759105 1.353227 -0.355036 0.260457 -0.058499
0.424901 -0.393842 0.353454 -0.758825 1.354539 -0.355143 0.259529 -0.059148
0.425405 -0.394301 0.352468 -0.758545 1.355853 -0.355252 0.258603 -0.059797
0.425909 -0.394759 0.351479 -0.758266 1.357167 -0.355362 0.257678 -0.060446
0.426411 -0.395215 0.350489 -0.757987 1.358483 -0.355473 0.256755 -0.061095
0.426913 -0.395671 0.349498 -0.757709 1.359799 -0.355585 0.255832 -0.061744
0.427414 -0.396127 0.348504 -0.757431 1.361117 -0.355698 0.254912 -0.062392
0.427914 -0.396581 0.347509 -0.757154 1.362435 -0.355812 0.253992 -0.063041
0.428412 -0.397035 0.346512 -0.756877 1.363755 -0.355927 0.253074 -0.063689
0.428910 -0.397487 0.345513 -0.756600 1.365076 -0.356043 0.252157 -0.064338
0.429407 -0.397939 0.344513 -0.756324 1.366397 -0.356159 0.251242 -0.064986
0.429903 -0.398391 0.343511 -0.756048 1.367720 -0.356277 0.250328 -0.065634
0.430398 -0.398841 0.342507 -0.755773 1.369043 -0.356396 0.249415 -0.066282
0.430892 -0.399290 0.341501 -0.755499 1.370368 -0.356516 0.248504 -0.066930
0.431385 -0.399739 0.340493 -0.755225 1.371693 -0.356637 0.247594 -0.067578
0.431877 -0.400187 0.339484 -0.754951 1.373020 -0.356759 0.246685 -0.068226
0.432368 -0.400634 0.338473 -0.754678 1.374347 -0.356882 0.245778 -0.068874
0.432859 -0.401080 0.337460 -0.754405 1.375676 -0.357006 0.244872 -0.069521
0.433348 -0.401525 0.336445 -0.754133 1.377005 -0.357131 0.243968 -0.070169
0.433836 -0.401969 0.335429 -0.753862 1.378336 -0.357257 0.243065 -0.070816
0.434323 -0.402413 0.334411 -0.753591 1.379667 -0.357383 0.242163 -0.071463
0.434810 -0.402856 0.333391 -0.753320 1.381000 -0.357511 0.241263 -0.072110
0.435295 -0.403298 0.332369 -0.753050 1.382333 -0.357641 0.240364 -0.072757
0.435779 -0.403739 0.331345 -0.752781 1.383668 -0.357771 0.239467 -0.073404
0.436263 -0.404179 0.330320 -0.752512 1.385003 -0.357902 0.238571 -0.074051
0.436745 -0.404618 0.329293 -0.752244 1.386339 -0.358034 0.237676 -0.074697
0.437227 -0.405056 0.328263 -0.751976 1.387677 -0.358167 0.236783 -0.075344
0.437708 -0.405494 0.327233 -0.751709 1.389015 -0.358301 0.235891 -0.075990
0.438187 -0.405930 0.326200 -0.751442 1.390354 -0.358436 0.235001 -0.076636
0.438666 -0.406366 0.325165 -0.751176 1.391695 -0.358573 0.234112 -0.077282
0.439144 -0.406801 0.324129 -0.750911 1.393036 -0.358710 0.233224 -0.077928
0.439620 -0.407235 0.323091 -0.750646 1.394378 -0.358848 0.232338 -0.078574
0.440096 -0.407668 0.322051 -0.750382 1.395721 -0.358988 0.231453 -0.079220
0.440571 -0.408100 0.321009 -0.750118 1.397065 -0.359128 0.230570 -0.079865
0.441045 -0.408532 0.319965 -0.749855 1.398410 -0.359269 0.229689 -0.080511
0.441518 -0.408962 0.318920 -0.749593 1.399756 -0.359412 0.228808 -0.081156
0.441990 -0.409391 0.317873 -0.749331 1.401103 -0.359556 0.227929 -0.081801
0.442461 -0.409820 0.316824 -0.749070 1.402451 -0.359700 0.227052 -0.082446
0.442931 -0.410248 0.315773 -0.748810 1.403800 -0.359846 0.226176 -0.083091
0.443400 -0.410675 0.314720 -0.748550 1.405150 -0.359993 0.225301 -0.083735
0.443868 -0.411100 0.313665 -0.748291 1.406501 -0.360141 0.224428 -0.084380
0.444335 -0.411525 0.312609 -0.748032 1.407853 -0.360289 0.223557 -0.085024
0.444801 -0.411949 0.311550 -0.747774 1.409205 -0.360439 0.222687 -0.085668
0.445267 -0.412372 0.310490 -0.747517 1.410559 -0.360590 0.221818 -0.086312
0.445731 -0.412795 0.309428 -0.747261 1.411914 -0.360742 0.220951 -0.086956
0.446194 -0.413216 0.308364 -0.747005 1.413269 -0.360896 0.220086 -0.087600
0.446657 -0.413636 0.307298 -0.746750 1.414625 -0.361050 0.219221 -0.088243
0.447118 -0.414055 0.306230 -0.746496 1.415983 -0.361205 0.218359 -0.088886
0.447579 -0.414474 0.305161 -0.746242 1.417341 -0.361361 0.217498 -0.089530
0.448038 -0.414891 0.304089 -0.745989 1.418700 -0.361519 0.216638 -0.090173
0.448497 -0.415308 0.303016 -0.745737 1.420060 -0.361677 0.215780 -0.090816
0.448954 -0.415723 0.301941 -0.745485 1.421422 -0.361837 0.214924 -0.091458
0.449411 -0.416138 0.300864 -0.745234 1.422783 -0.361998 0.214068 -0.092101
0.449867 -0.416551 0.299785 -0.744984 1.424146 -0.362159 0.213215 -0.092743
0.450321 -0.416964 0.298704 -0.744735 1.425510 -0.362322 0.212363 -0.093385
0.450775 -0.417376 0.297621 -0.744487 1.426875 -0.362486 0.211512 -0.094027
0.451228 -0.417786 0.296537 -0.744239 1.428241 -0.362651 0.210664 -0.094669
0.451680 -0.418196 0.295450 -0.743992 1.429607 -0.362817 0.209816 -0.095311
0.452131 -0.418605 0.294362 -0.743746 1.430974 -0.362985 0.208970 -0.095952
0.452581 -0.419013 0.293272 -0.743500 1.432343 -0.363153 0.208126 -0.096594
0.453030 -0.419419 0.292180 -0.743255 1.433712 -0.363322 0.207283 -0.097235
0.453478 -0.419825 0.291085 -0.743012 1.435082 -0.363493 0.206442 -0.097876
0.453925 -0.420230 0.289990 -0.742768 1.436453 -0.363664 0.205603 -0.098516
0.454371 -0.420634 0.288892 -0.742526 1.437825 -0.363837 0.204765 -0.099157
0.454817 -0.421037 0.287792 -0.742285 1.439198 -0.364011 0.203928 -0.099797
0.455261 -0.421438 0.286690 -0.742044 1.440571 -0.364186 0.203093 -0.100438
0.455704 -0.421839 0.285587 -0.741804 1.441946 -0.364362 0.202260 -0.101078
0.456147 -0.422239 0.284481 -0.741565 1.443321 -0.364539 0.201428 -0.101718
0.456588 -0.422638 0.283374 -0.741327 1.444697 -0.364717 0.200598 -0.102357
0.457029 -0.423035 0.282264 -0.741090 1.446074 -0.364896 0.199770 -0.102997
0.457468 -0.423432 0.281153 -0.740853 1.447452 -0.365077 0.198943 -0.103636
0.457907 -0.423828 0.280040 -0.740618 1.448831 -0.365258 0.198118 -0.104275
0.458344 -0.424222 0.278925 -0.740383 1.450211 -0.365441 0.197294 -0.104914
0.458781 -0.424616 0.277807 -0.740149 1.451591 -0.365625 0.196472 -0.105553
0.459217 -0.425009 0.276688 -0.739916 1.452972 -0.365810 0.195652 -0.106191
0.459652 -0.425400 0.275568 -0.739684 1.454354 -0.365996 0.194833 -0.106830
0.460086 -0.425791 0.274445 -0.739453 1.455737 -0.366183 0.194016 -0.107468
0.460518 -0.426180 0.273320 -0.739223 1.457121 -0.366371 0.193201 -0.108106
0.460950 -0.426568 0.272193 -0.738993 1.458506 -0.366561 0.192387 -0.108743
0.461381 -0.426956 0.271064 -0.738765 1.459891 -0.366751 0.191575 -0.109381
0.461812 -0.427342 0.269934 -0.738537 1.461277 -0.366943 0.190764 -0.110018
0.462241 -0.427727 0.268801 -0.738311 1.462665 -0.367136 0.189955 -0.110655
0.462669 -0.428111 0.267667 -0.738085 1.464052 -0.367330 0.189148 -0.111292
0.463096 -0.428494 0.266530 -0.737860 1.465441 -0.367525 0.188343 -0.111929
0.463523 -0.428876 0.265392 -0.737636 1.466830 -0.367721 0.187539 -0.112566
0.463948 -0.429257 0.264251 -0.737413 1.468221 -0.367918 0.186737 -0.113202
0.464373 -0.429637 0.263109 -0.737191 1.469612 -0.368117 0.185936 -0.113838
0.464796 -0.430016 0.261964 -0.736971 1.471004 -0.368316 0.185138 -0.114474
0.465219 -0.430393 0.260818 -0.736751 1.472396 -0.368517 0.184341 -0.115110
0.465640 -0.430770 0.259670 -0.736532 1.473790 -0.368719 0.183545 -0.115746
0.466061 -0.431145 0.258520 -0.736314 1.475184 -0.368922 0.182752 -0.116381
0.466481 -0.431519 0.257367 -0.736097 1.476579 -0.369126 0.181960 -0.117016
0.466900 -0.431893 0.256213 -0.735881 1.477974 -0.369332 0.181170 -0.117651
0.467318 -0.432265 0.255057 -0.735666 1.479371 -0.369538 0.180382 -0.118286
0.467735 -0.432636 0.253899 -0.735452 1.480768 -0.369746 0.179595 -0.118920
0.468151 -0.433005 0.252739 -0.735239 1.482166 -0.369954 0.178810 -0.119555
0.468566 -0.433374 0.251577 -0.735027 1.483564 -0.370164 0.178027 -0.120189
0.468980 -0.433742 0.250413 -0.734816 1.484964 -0.370375 0.177246 -0.120823
0.469393 -0.434108 0.249247 -0.734606 1.486364 -0.370588 0.176466 -0.121457
0.469806 -0.434473 0.248079 -0.734398 1.487765 -0.370801 0.175688 -0.122090
0.470217 -0.434838 0.246909 -0.734190 1.489166 -0.371016 0.174912 -0.122723
0.470628 -0.435201 0.245737 -0.733983 1.490569 -0.371231 0.174138 -0.123357
0.471037 -0.435562 0.244563 -0.733778 1.491971 -0.371448 0.173365 -0.123990
0.471446 -0.435923 0.243387 -0.733573 1.493375 -0.371666 0.172595 -0.124622
0.471854 -0.436283 0.242208 -0.733370 1.494779 -0.371885 0.171826 -0.125255
0.472260 -0.436641 0.241028 -0.733167 1.496184 -0.372106 0.171059 -0.125887
0.472666 -0.436998 0.239846 -0.732966 1.497590 -0.372327 0.170293 -0.126519
0.473071 -0.437354 0.238662 -0.732766 1.498996 -0.372550 0.169530 -0.127151
0.473475 -0.437709 0.237476 -0.732567 1.500404 -0.372774 0.168768 -0.127783
0.473878 -0.438063 0.236288 -0.732369 1.501811 -0.372999 0.168009 -0.128414
0.474281 -0.438415 0.235098 -0.732172 1.503220 -0.373225 0.167251 -0.129045
0.474682 -0.438766 0.233906 -0.731977 1.504629 -0.373452 0.166495 -0.129677
0.475082 -0.439116 0.232712 -0.731782 1.506038 -0.373681 0.165740 -0.130307
0.475482 -0.439465 0.231516 -0.731589 1.507449 -0.373910 0.164988 -0.130938
0.475880 -0.439813 0.230318 -0.731397 1.508860 -0.374141 0.164237 -0.131569
0.476278 -0.440159 0.229118 -0.731206 1.510271 -0.374373 0.163489 -0.132199
0.476675 -0.440505 0.227916 -0.731016 1.511683 -0.374606 0.162742 -0.132829
0.477070 -0.440849 0.226712 -0.730827 1.513096 -0.374841 0.161997 -0.133459
0.477465 -0.441191 0.225505 -0.730640 1.514509 -0.375076 0.161254 -0.134088
0.477859 -0.441533 0.224297 -0.730454 1.515923 -0.375313 0.160513 -0.134718
0.478252 -0.441873 0.223087 -0.730269 1.517338 -0.375551 0.159774 -0.135347
0.478645 -0.442213 0.221875 -0.730085 1.518753 -0.375790 0.159037 -0.135976
0.479036 -0.442550 0.220661 -0.729902 1.520169 -0.376030 0.158301 -0.136605
0.479426 -0.442887 0.219444 -0.729721 1.521585 -0.376272 0.157568 -0.137234
0.479816 -0.443222 0.218226 -0.729540 1.523002 -0.376515 0.156837 -0.137862
0.480204 -0.443557 0.217005 -0.729361 1.524419 -0.376758 0.156107 -0.138490
0.480592 -0.443889 0.215783 -0.729184 1.525837 -0.377003 0.155379 -0.139118
0.480979 -0.444221 0.214559 -0.729007 1.527256 -0.377250 0.154654 -0.139746
0.481365 -0.444551 0.213332 -0.728832 1.528675 -0.377497 0.153930 -0.140374
0.481750 -0.444881 0.212103 -0.728658 1.530094 -0.377746 0.153209 -0.141001
0.482134 -0.445208 0.210873 -0.728485 1.531514 -0.377995 0.152489 -0.141629
0.482517 -0.445535 0.209640 -0.728314 1.532935 -0.378246 0.151771 -0.142256
0.482899 -0.445860 0.208406 -0.728143 1.534356 -0.378498 0.151055 -0.142882
0.483281 -0.446184 0.207169 -0.727975 1.535778 -0.378752 0.150342 -0.143509
0.483661 -0.446507 0.205930 -0.727807 1.537200 -0.379006 0.149630 -0.144136
0.484041 -0.446828 0.204689 -0.727641 1.538622 -0.379262 0.148920 -0.144762
0.484420 -0.447148 0.203446 -0.727476 1.540045 -0.379519 0.148212 -0.145388
0.484798 -0.447467 0.202201 -0.727312 1.541469 -0.379777 0.147507 -0.146014
0.485175 -0.447785 0.200954 -0.727149 1.542893 -0.380036 0.146803 -0.146640
0.485551 -0.448101 0.199705 -0.726988 1.544317 -0.380297 0.146102 -0.147265
0.485926 -0.448416 0.198454 -0.726829 1.545742 -0.380559 0.145402 -0.147891
0.486301 -0.448729 0.197201 -0.726670 1.547167 -0.380821 0.144705 -0.148516
0.486674 -0.449042 0.195946 -0.726513 1.548593 -0.381086 0.144009 -0.149141
0.487047 -0.449352 0.194689 -0.726358 1.550019 -0.381351 0.143316 -0.149765
0.487418 -0.449662 0.193429 -0.726203 1.551446 -0.381617 0.142625 -0.150390
0.487789 -0.449970 0.192168 -0.726050 1.552873 -0.381885 0.141935 -0.151014
0.488159 -0.450277 0.190904 -0.725899 1.554300 -0.382154 0.141248 -0.151639
0.488529 -0.450583 0.189639 -0.725749 1.555728 -0.382424 0.140563 -0.152263
0.488897 -0.450887 0.188371 -0.725600 1.557156 -0.382695 0.139880 -0.152887
0.489264 -0.451190 0.187101 -0.725452 1.558584 -0.382968 0.139200 -0.153510
0.489631 -0.451491 0.185830 -0.725306 1.560013 -0.383242 0.138521 -0.154134
0.489997 -0.451791 0.184556 -0.725162 1.561442 -0.383516 0.137845 -0.154757
0.490361 -0.452090 0.183280 -0.725018 1.562872 -0.383793 0.137170 -0.155380
0.490725 -0.452387 0.182002 -0.724877 1.564301 -0.384070 0.136498 -0.156003
0.491088 -0.452683 0.180722 -0.724736 1.565732 -0.384348 0.135828 -0.156626
0.491451 -0.452978 0.179440 -0.724597 1.567162 -0.384628 0.135160 -0.157249
0.491812 -0.453271 0.178155 -0.724460 1.568593 -0.384909 0.134495 -0.157871
0.492173 -0.453563 0.176869 -0.724324 1.570024 -0.385191 0.133831 -0.158494
0.492533 -0.453853 0.175581 -0.724189 1.571455 -0.385475 0.133170 -0.159116
0.492891 -0.454142 0.174290 -0.724056 1.572887 -0.385759 0.132511 -0.159738
0.493249 -0.454430 0.172998 -0.723924 1.574319 -0.386045 0.131854 -0.160360
0.493607 -0.454716 0.171703 -0.723794 1.575751 -0.386332 0.131199 -0.160982
0.493963 -0.455001 0.170406 -0.723665 1.577183 -0.386620 0.130547 -0.161603
0.494319 -0.455284 0.169107 -0.723538 1.578616 -0.386909 0.129896 -0.162225
0.494673 -0.455566 0.167807 -0.723412 1.580049 -0.387200 0.129248 -0.162846
0.495027 -0.455847 0.166504 -0.723288 1.581482 -0.387492 0.128603 -0.163467
0.495380 -0.456126 0.165199 -0.723165 1.582915 -0.387785 0.127959 -0.164088
0.495732 -0.456404 0.163891 -0.723044 1.584348 -0.388079 0.127318 -0.164709
0.496084 -0.456680 0.162582 -0.722924 1.585782 -0.388374 0.126679 -0.165329
0.496434 -0.456955 0.161271 -0.722806 1.587216 -0.388671 0.126042 -0.165950
0.496784 -0.457228 0.159957 -0.722689 1.588650 -0.388969 0.125408 -0.166570
0.497133 -0.457500 0.158642 -0.722574 1.590084 -0.389268 0.124776 -0.167190
0.497481 -0.457771 0.157324 -0.722461 1.591519 -0.389568 0.124146 -0.167810
0.497828 -0.458040 0.156004 -0.722349 1.592953 -0.389870 0.123519 -0.168430
0.498175 -0.458307 0.154683 -0.722238 1.594388 -0.390172 0.122893 -0.169050
0.498520 -0.458573 0.153359 -0.722129 1.595822 -0.390476 0.122271 -0.169670
0.498865 -0.458838 0.152033 -0.722022 1.597257 -0.390781 0.121650 -0.170289
0.499209 -0.459101 0.150705 -0.721916 1.598692 -0.391088 0.121032 -0.170909
0.499552 -0.459363 0.149374 -0.721811 1.600127 -0.391395 0.120416 -0.171528
0.499895 -0.459623 0.148042 -0.721709 1.601562 -0.391704 0.119803 -0.172147
0.500236 -0.459881 0.146708 -0.721608 1.602997 -0.392014 0.119192 -0.172766
0.500577 -0.460139 0.145371 -0.721508 1.604432 -0.392325 0.118583 -0.173385
0.500917 -0.460394 0.144033 -0.721410 1.605868 -0.392638 0.117977 -0.174004
0.501256 -0.460649 0.142692 -0.721314 1.607303 -0.392951 0.117373 -0.174623
0.501595 -0.460901 0.141349 -0.721219 1.608738 -0.393266 0.116772 -0.175242
0.501932 -0.461152 0.140004 -0.721126 1.610173 -0.393582 0.116173 -0.175860
0.502269 -0.461402 0.138657 -0.721035 1.611609 -0.393899 0.115576 -0.176479
0.502605 -0.461650 0.137308 -0.720945 1.613044 -0.394218 0.114982 -0.177097
0.502941 -0.461897 0.135957 -0.720857 1.614479 -0.394537 0.114390 -0.177715
0.503275 -0.462142 0.134604 -0.720770 1.615914 -0.394858 0.113801 -0.178333
0.503609 -0.462385 0.133248 -0.720685 1.617349 -0.395180 0.113214 -0.178951
0.503942 -0.462627 0.131891 -0.720602 1.618785 -0.395504 0.112630 -0.179569
0.504274 -0.462868 0.130531 -0.720520 1.620220 -0.395828 0.112048 -0.180187
0.504605 -0.463107 0.129169 -0.720440 1.621655 -0.396154 0.111469 -0.180805
0.504936 -0.463344 0.127805 -0.720362 1.623089 -0.396481 0.110892 -0.181423
0.505266 -0.463580 0.126439 -0.720285 1.624524 -0.396809 0.110318 -0.182040
0.505595 -0.463814 0.125071 -0.720210 1.625959 -0.397138 0.109746 -0.182658
0.505923 -0.464047 0.123701 -0.720137 1.627393 -0.397469 0.109177 -0.183275
0.506251 -0.464278 0.122329 -0.720065 1.628828 -0.397800 0.108610 -0.183893
0.506578 -0.464508 0.120955 -0.719995 1.630262 -0.398133 0.108046 -0.184510
0.506904 -0.464736 0.119578 -0.719927 1.631696 -0.398467 0.107484 -0.185127
0.507229 -0.464963 0.118199 -0.719861 1.633130 -0.398803 0.106925 -0.185744
0.507554 -0.465187 0.116819 -0.719796 1.634564 -0.399139 0.106369 -0.186361
0.507878 -0.465411 0.115436 -0.719733 1.635997 -0.399477 0.105815 -0.186978
0.508201 -0.465632 0.114051 -0.719672 1.637430 -0.399816 0.105263 -0.187596
0.508523 -0.465853 0.112664 -0.719612 1.638863 -0.400156 0.104715 -0.188212
0.508845 -0.466071 0.111275 -0.719554 1.640296 -0.400497 0.104169 -0.188829
0.509166 -0.466288 0.109884 -0.719498 1.641729 -0.400840 0.103625 -0.189446
0.509486 -0.466504 0.108490 -0.719443 1.643161 -0.401184 0.103084 -0.190063
0.509806 -0.466717 0.107095 -0.719391 1.644593 -0.401529 0.102546 -0.190680
0.510124 -0.466929 0.105697 -0.719340 1.646025 -0.401875 0.102011 -0.191297
0.510442 -0.467140 0.104298 -0.719291 1.647457 -0.402222 0.101478 -0.191914
0.510760 -0.467349 0.102896 -0.719243 1.648888 -0.402571 0.100947 -0.192530
0.511076 -0.467556 0.101492 -0.719198 1.650319 -0.402921 0.100420 -0.193147
0.511392 -0.467762 0.100086 -0.719154 1.651749 -0.403272 0.099895 -0.193764
0.511707 -0.467966 0.098678 -0.719112 1.653179 -0.403624 0.099373 -0.194380
0.512022 -0.468168 0.097268 -0.719071 1.654609 -0.403977 0.098853 -0.194997
0.512336 -0.468369 0.095855 -0.719033 1.656038 -0.404332 0.098336 -0.195614
0.512649 -0.468568 0.094441 -0.718996 1.657467 -0.404687 0.097822 -0.196230
0.512961 -0.468766 0.093024 -0.718961 1.658896 -0.405044 0.097311 -0.196847
0.513273 -0.468962 0.091606 -0.718928 1.660324 -0.405403 0.096803 -0.197464
0.513584 -0.469156 0.090185 -0.718896 1.661752 -0.405762 0.096297 -0.198080
0.513894 -0.469348 0.088762 -0.718867 1.663179 -0.406122 0.095794 -0.198697
0.514204 -0.469539 0.087337 -0.718839 1.664606 -0.406484 0.095293 -0.199314
0.514513 -0.469728 0.085910 -0.718813 1.666033 -0.406847 0.094796 -0.199930
0.514821 -0.469916 0.084481 -0.718789 1.667459 -0.407211 0.094301 -0.200547
0.515129 -0.470102 0.083050 -0.718766 1.668884 -0.407576 0.093809 -0.201164
0.515436 -0.470286 0.081616 -0.718746 1.670309 -0.407943 0.093320 -0.201781
0.515742 -0.470469 0.080181 -0.718727 1.671733 -0.408310 0.092834 -0.202397
0.516048 -0.470650 0.078743 -0.718710 1.673157 -0.408679 0.092351 -0.203014
0.516353 -0.470829 0.077304 -0.718695 1.674581 -0.409049 0.091870 -0.203631
0.516657 -0.471006 0.075862 -0.718682 1.676003 -0.409420 0.091392 -0.204248
0.516961 -0.471182 0.074418 -0.718671 1.677426 -0.409793 0.090917 -0.204865
0.517264 -0.471356 0.072972 -0.718661 1.678847 -0.410166 0.090445 -0.205482
0.517566 -0.471529 0.071524 -0.718654 1.680268 -0.410541 0.089976 -0.206099
0.517868 -0.471700 0.070074 -0.718648 1.681689 -0.410917 0.089510 -0.206717
0.518169 -0.471869 0.068622 -0.718644 1.683108 -0.411294 0.089046 -0.207334
0.518469 -0.472036 0.067167 -0.718642 1.684527 -0.411672 0.088586 -0.207951
0.518769 -0.472202 0.065711 -0.718642 1.685946 -0.412051 0.088129 -0.208568
0.519068 -0.472366 0.064253 -0.718643 1.687364 -0.412432 0.087674 -0.209186
0.519367 -0.472528 0.062792 -0.718647 1.688781 -0.412814 0.087222 -0.209803
0.519665 -0.472688 0.061329 -0.718652 1.690197 -0.413197 0.086774 -0.210421
0.519962 -0.472847 0.059864 -0.718660 1.691613 -0.413581 0.086328 -0.211039
0.520259 -0.473004 0.058398 -0.718669 1.693028 -0.413966 0.085885 -0.211657
0.520555 -0.473160 0.056929 -0.718680 1.694442 -0.414352 0.085445 -0.212275
0.520851 -0.473313 0.055458 -0.718693 1.695855 -0.414740 0.085008 -0.212893
0.521146 -0.473465 0.053984 -0.718708 1.697268 -0.415128 0.084574 -0.213511
0.521440 -0.473615 0.052509 -0.718725 1.698680 -0.415518 0.084144 -0.214129
0.521734 -0.473764 0.051032 -0.718744 1.700091 -0.415909 0.083716 -0.214747
0.522027 -0.473910 0.049552 -0.718764 1.701501 -0.416302 0.083291 -0.215366
0.522319 -0.474055 0.048071 -0.718787 1.702911 -0.416695 0.082869 -0.215984
0.522611 -0.474198 0.046587 -0.718811 1.704319 -0.417089 0.082451 -0.216603
0.522903 -0.474340 0.045102 -0.718837 1.705727 -0.417485 0.082035 -0.217222
0.523193 -0.474479 0.043614 -0.718866 1.707134 -0.417882 0.081622 -0.217841
0.523484 -0.474617 0.042124 -0.718896 1.708540 -0.418280 0.081213 -0.218460
0.523773 -0.474754 0.040632 -0.718928 1.709945 -0.418679 0.080806 -0.219080
0.524062 -0.474888 0.039138 -0.718962 1.711349 -0.419079 0.080403 -0.219699
0.524351 -0.475021 0.037642 -0.718998 1.712752 -0.419480 0.080003 -0.220319
0.524639 -0.475151 0.036144 -0.719036 1.714154 -0.419883 0.079606 -0.220939
0.524926 -0.475281 0.034644 -0.719076 1.715555 -0.420286 0.079212 -0.221559
0.525213 -0.475408 0.033142 -0.719117 1.716956 -0.420691 0.078821 -0.222179
0.525500 -0.475533 0.031638 -0.719161 1.718355 -0.421097 0.078433 -0.222799
0.525786 -0.475657 0.030131 -0.719207 1.719753 -0.421504 0.078049 -0.223420
0.526071 -0.475779 0.028623 -0.719254 1.721150 -0.421912 0.077667 -0.224040
0.526356 -0.475899 0.027113 -0.719304 1.722547 -0.422321 0.077289 -0.224661
0.526640 -0.476018 0.025600 -0.719355 1.723942 -0.422731 0.076914 -0.225282
0.526923 -0.476134 0.024085 -0.719409 1.725336 -0.423143 0.076542 -0.225903
0.527207 -0.476249 0.022569 -0.719464 1.726729 -0.423556 0.076173 -0.226525
0.527489 -0.476362 0.021050 -0.719521 1.728121 -0.423969 0.075808 -0.227147
0.527771 -0.476474 0.019529 -0.719581 1.729511 -0.424384 0.075446 -0.227769
0.528053 -0.476583 0.018007 -0.719642 1.730901 -0.424800 0.075087 -0.228391
0.528334 -0.476691 0.016482 -0.719705 1.732290 -0.425217 0.074731 -0.229013
0.528615 -0.476797 0.014955 -0.719770 1.733677 -0.425635 0.074379 -0.229636
0.528895 -0.476901 0.013426 -0.719837 1.735063 -0.426054 0.074029 -0.230259
0.529175 -0.477003 0.011895 -0.719907 1.736448 -0.426475 0.073683 -0.230882
0.529454 -0.477103 0.010362 -0.719978 1.737832 -0.426896 0.073341 -0.231505
0.529732 -0.477202 0.008827 -0.720051 1.739214 -0.427319 0.073001 -0.232129
0.530011 -0.477299 0.007290 -0.720126 1.740595 -0.427742 0.072665 -0.232753
0.530288 -0.477394 0.005751 -0.720203 1.741975 -0.428167 0.072332 -0.233377
0.530566 -0.477487 0.004210 -0.720282 1.743354 -0.428593 0.072003 -0.234001
0.530842 -0.477578 0.002667 -0.720363 1.744731 -0.429020 0.071677 -0.234626
0.531119 -0.477668 0.001121 -0.720446 1.746108 -0.429448 0.071354 -0.235251
0.531395 -0.477755 -0.000426 -0.720531 1.747482 -0.429877 0.071035 -0.235876
0.531670 -0.477841 -0.001975 -0.720618 1.748856 -0.430307 0.070719 -0.236501
0.531945 -0.477925 -0.003526 -0.720706 1.750228 -0.430738 0.070406 -0.237127
0.532220 -0.478008 -0.005080 -0.720797 1.751599 -0.431171 0.070097 -0.237753
0.532494 -0.478088 -0.006635 -0.720890 1.752968 -0.431604 0.069791 -0.238380
0.532767 -0.478166 -0.008192 -0.720985 1.754336 -0.432038 0.069488 -0.239006
0.533041 -0.478243 -0.009752 -0.721082 1.755702 -0.432474 0.069189 -0.239634
0.533313 -0.478318 -0.011313 -0.721181 1.757068 -0.432910 0.068893 -0.240261
0.533586 -0.478391 -0.012876 -0.721282 1.758431 -0.433348 0.068601 -0.240889
0.533858 -0.478462 -0.014441 -0.721384 1.759793 -0.433787 0.068312 -0.241517
0.534129 -0.478531 -0.016009 -0.721489 1.761154 -0.434226 0.068027 -0.242145
0.534401 -0.478599 -0.017578 -0.721596 1.762513 -0.434667 0.067745 -0.242774
0.534671 -0.478664 -0.019149 -0.721705 1.763871 -0.435109 0.067466 -0.243403
0.534942 -0.478728 -0.020723 -0.721816 1.765227 -0.435552 0.067191 -0.244032
0.535212 -0.478790 -0.022298 -0.721928 1.766582 -0.435996 0.066920 -0.244662
0.535481 -0.478850 -0.023875 -0.722043 1.767935 -0.436441 0.066651 -0.245292
0.535750 -0.478908 -0.025454 -0.722160 1.769286 -0.436887 0.066387 -0.245923
0.536019 -0.478965 -0.027036 -0.722279 1.770636 -0.437334 0.066126 -0.246553
0.536288 -0.479019 -0.028619 -0.722400 1.771984 -0.437782 0.065868 -0.247185
0.536556 -0.479072 -0.030204 -0.722522 1.773331 -0.438231 0.065614 -0.247816
0.536823 -0.479122 -0.031791 -0.722647 1.774676 -0.438681 0.065364 -0.248448
0.537091 -0.479171 -0.033380 -0.722774 1.776019 -0.439132 0.065117 -0.249081
0.537358 -0.479218 -0.034971 -0.722903 1.777361 -0.439584 0.064873 -0.249714
0.537624 -0.479263 -0.036564 -0.723033 1.778701 -0.440037 0.064634 -0.250347
0.537891 -0.479307 -0.038159 -0.723166 1.780039 -0.440491 0.064397 -0.250980
0.538157 -0.479348 -0.039756 -0.723301 1.781376 -0.440946 0.064165 -0.251615
0.538422 -0.479388 -0.041355 -0.723438 1.782710 -0.441402 0.063936 -0.252249
0.538688 -0.479425 -0.042956 -0.723577 1.784043 -0.441859 0.063710 -0.252884
0.538952 -0.479461 -0.044559 -0.723718 1.785375 -0.442317 0.063488 -0.253519
0.539217 -0.479495 -0.046163 -0.723860 1.786704 -0.442776 0.063270 -0.254155
0.539481 -0.479527 -0.047770 -0.724005 1.788032 -0.443236 0.063055 -0.254791
0.539745 -0.479557 -0.049379 -0.724152 1.789357 -0.443697 0.062844 -0.255428
0.540009 -0.479585 -0.050989 -0.724301 1.790681 -0.444159 0.062637 -0.256065
0.540273 -0.479611 -0.052602 -0.724452 1.792003 -0.444622 0.062433 -0.256703
0.540536 -0.479636 -0.054216 -0.724604 1.793324 -0.445086 0.062233 -0.257341
0.540798 -0.479659 -0.055832 -0.724759 1.794642 -0.445551 0.062037 -0.257980
0.541061 -0.479679 -0.057450 -0.724916 1.795958 -0.446017 0.061844 -0.258619
0.541323 -0.479698 -0.059070 -0.725075 1.797273 -0.446484 0.061655 -0.259258
0.541585 -0.479715 -0.060692 -0.725236 1.798585 -0.446952 0.061470 -0.259898
0.541847 -0.479730 -0.062316 -0.725398 1.799896 -0.447420 0.061288 -0.260539
0.542108 -0.479743 -0.063942 -0.725563 1.801205 -0.447890 0.061111 -0.261180
0.542369 -0.479754 -0.065570 -0.725730 1.802511 -0.448361 0.060936 -0.261821
0.542630 -0.479763 -0.067199 -0.725899 1.803816 -0.448832 0.060766 -0.262464
0.542891 -0.479771 -0.068831 -0.726070 1.805118 -0.449305 0.060599 -0.263106
0.543151 -0.479776 -0.070464 -0.726242 1.806419 -0.449778 0.060436 -0.263749
0.543412 -0.479780 -0.072099 -0.726417 1.807717 -0.450252 0.060277 -0.264393
0.543671 -0.479782 -0.073736 -0.726594 1.809014 -0.450728 0.060122 -0.265037
0.543931 -0.479782 -0.075375 -0.726773 1.810308 -0.451204 0.059970 -0.265682
0.544191 -0.479779 -0.077016 -0.726954 1.811600 -0.451681 0.059822 -0.266327
0.544450 -0.479775 -0.078659 -0.727136 1.812891 -0.452159 0.059678 -0.266973
0.544709 -0.479769 -0.080303 -0.727321 1.814178 -0.452638 0.059538 -0.267619
0.544968 -0.479762 -0.081950 -0.727508 1.815464 -0.453118 0.059401 -0.268266
0.545226 -0.479752 -0.083598 -0.727697 1.816748 -0.453598 0.059268 -0.268914
0.545485 -0.479740 -0.085248 -0.727887 1.818029 -0.454080 0.059140 -0.269562
0.545743 -0.479727 -0.086900 -0.728080 1.819309 -0.454562 0.059014 -0.270211
0.546001 -0.479711 -0.088553 -0.728275 1.820585 -0.455046 0.058893 -0.270860
0.546259 -0.479694 -0.090209 -0.728471 1.821860 -0.455530 0.058776 -0.271510
0.546516 -0.479675 -0.091866 -0.728670 1.823133 -0.456015 0.058662 -0.272160
0.546774 -0.479653 -0.093525 -0.728871 1.824403 -0.456501 0.058553 -0.272811
0.547031 -0.479630 -0.095186 -0.729073 1.825671 -0.456988 0.058447 -0.273463
0.547288 -0.479605 -0.096849 -0.729278 1.826937 -0.457475 0.058345 -0.274115
0.547545 -0.479578 -0.098514 -0.729485 1.828200 -0.457964 0.058247 -0.274768
0.547802 -0.479550 -0.100180 -0.729693 1.829461 -0.458453 0.058152 -0.275422
0.548059 -0.479519 -0.101848 -0.729904 1.830719 -0.458943 0.058062 -0.276076
0.548315 -0.479486 -0.103518 -0.730116 1.831976 -0.459434 0.057976 -0.276731
0.548572 -0.479452 -0.105190 -0.730331 1.833229 -0.459926 0.057893 -0.277387
0.548828 -0.479415 -0.106863 -0.730547 1.834481 -0.460419 0.057815 -0.278043
0.549084 -0.479377 -0.108539 -0.730765 1.835730 -0.460912 0.057740 -0.278700
0.549340 -0.479336 -0.110216 -0.730986 1.836976 -0.461407 0.057669 -0.279357
0.549596 -0.479294 -0.111895 -0.731208 1.838220 -0.461902 0.057602 -0.280015
0.549852 -0.479250 -0.113575 -0.731432 1.839462 -0.462398 0.057539 -0.280674
0.550107 -0.479204 -0.115257 -0.731658 1.840701 -0.462895 0.057481 -0.281334
0.550363 -0.479156 -0.116941 -0.731887 1.841938 -0.463392 0.057426 -0.281994
0.550618 -0.479106 -0.118627 -0.732117 1.843172 -0.463891 0.057375 -0.282655
0.550874 -0.479054 -0.120315 -0.732349 1.844404 -0.464390 0.057327 -0.283316
0.551129 -0.479000 -0.122004 -0.732583 1.845633 -0.464890 0.057284 -0.283979
0.551384 -0.478944 -0.123695 -0.732819 1.846859 -0.465390 0.057245 -0.284642
0.551639 -0.478886 -0.125387 -0.733057 1.848083 -0.465892 0.057210 -0.285305
0.551894 -0.478827 -0.127082 -0.733297 1.849304 -0.466394 0.057179 -0.285970
0.552149 -0.478765 -0.128778 -0.733538 1.850523 -0.466897 0.057152 -0.286635
0.552404 -0.478702 -0.130476 -0.733782 1.851739 -0.467401 0.057129 -0.287301
0.552659 -0.478636 -0.132175 -0.734028 1.852952 -0.467905 0.057109 -0.287967
0.552914 -0.478569 -0.133876 -0.734275 1.854163 -0.468410 0.057094 -0.288635
0.553169 -0.478500 -0.135579 -0.734525 1.855371 -0.468916 0.057083 -0.289303
0.553423 -0.478429 -0.137283 -0.734776 1.856576 -0.469423 0.057076 -0.289972
0.553678 -0.478356 -0.138989 -0.735030 1.857778 -0.469930 0.057073 -0.290641
0.553933 -0.478281 -0.140697 -0.735285 1.858978 -0.470438 0.057074 -0.291312
0.554188 -0.478204 -0.142407 -0.735542 1.860175 -0.470947 0.057079 -0.291983
0.554442 -0.478125 -0.144118 -0.735801 1.861369 -0.471457 0.057088 -0.292655
0.554697 -0.478044 -0.145830 -0.736063 1.862561 -0.471967 0.057101 -0.293328
0.554952 -0.477961 -0.147545 -0.736326 1.863750 -0.472478 0.057118 -0.294001
0.555206 -0.477877 -0.149261 -0.736590 1.864936 -0.472990 0.057140 -0.294676
0.555461 -0.477790 -0.150978 -0.736857 1.866119 -0.473502 0.057165 -0.295351
0.555716 -0.477702 -0.152697 -0.737126 1.867299 -0.474015 0.057194 -0.296027
0.555970 -0.477611 -0.154418 -0.737396 1.868476 -0.474529 0.057228 -0.296704
0.556225 -0.477519 -0.156140 -0.737669 1.869650 -0.475043 0.057265 -0.297381
0.556480 -0.477425 -0.157864 -0.737943 1.870822 -0.475558 0.057307 -0.298059
0.556734 -0.477328 -0.159590 -0.738219 1.871991 -0.476074 0.057353 -0.298739
0.556989 -0.477230 -0.161317 -0.738497 1.873156 -0.476590 0.057402 -0.299419
0.557244 -0.477130 -0.163046 -0.738778 1.874319 -0.477107 0.057456 -0.300100
0.557499 -0.477028 -0.164776 -0.739059 1.875479 -0.477625 0.057514 -0.300781
0.557754 -0.476924 -0.166508 -0.739343 1.876636 -0.478143 0.057576 -0.301464
0.558009 -0.476818 -0.168241 -0.739629 1.877789 -0.478662 0.057643 -0.302147
0.558264 -0.476710 -0.169976 -0.739916 1.878940 -0.479181 0.057713 -0.302832
0.558519 -0.476601 -0.171712 -0.740206 1.880088 -0.479701 0.057787 -0.303517
0.558774 -0.476489 -0.173450 -0.740497 1.881233 -0.480222 0.057866 -0.304203
0.559030 -0.476375 -0.175189 -0.740790 1.882374 -0.480743 0.057949 -0.304890
0.559285 -0.476260 -0.176930 -0.741085 1.883513 -0.481265 0.058035 -0.305578
0.559541 -0.476142 -0.178673 -0.741382 1.884648 -0.481787 0.058126 -0.306266
0.559796 -0.476023 -0.180416 -0.741680 1.885781 -0.482310 0.058221 -0.306956
0.560052 -0.475902 -0.182162 -0.741981 1.886910 -0.482834 0.058321 -0.307646
0.560308 -0.475779 -0.183909 -0.742283 1.888036 -0.483358 0.058424 -0.308338
0.560564 -0.475653 -0.185657 -0.742587 1.889159 -0.483883 0.058531 -0.309030
0.560820 -0.475526 -0.187407 -0.742893 1.890279 -0.484408 0.058643 -0.309723
0.561076 -0.475397 -0.189158 -0.743201 1.891395 -0.484934 0.058759 -0.310417
0.561333 -0.475266 -0.190910 -0.743511 1.892509 -0.485461 0.058879 -0.311113
0.561589 -0.475134 -0.192664 -0.743822 1.893619 -0.485987 0.059003 -0.311808
0.561846 -0.474999 -0.194420 -0.744135 1.894726 -0.486515 0.059131 -0.312505
0.562102 -0.474862 -0.196177 -0.744450 1.895830 -0.487043 0.059264 -0.313203
0.562359 -0.474723 -0.197935 -0.744767 1.896930 -0.487571 0.059400 -0.313902
0.562616 -0.474583 -0.199695 -0.745086 1.898027 -0.488100 0.059541 -0.314602
0.562874 -0.474440 -0.201456 -0.745407 1.899121 -0.488630 0.059686 -0.315303
0.563131 -0.474296 -0.203218 -0.745729 1.900212 -0.489160 0.059835 -0.316004
0.563389 -0.474150 -0.204982 -0.746053 1.901299 -0.489690 0.059988 -0.316707
0.563647 -0.474002 -0.206747 -0.746379 1.902383 -0.490221 0.060146 -0.317411
0.563905 -0.473851 -0.208514 -0.746706 1.903464 -0.490752 0.060307 -0.318115
0.564163 -0.473699 -0.210282 -0.747036 1.904541 -0.491284 0.060473 -0.318821
0.564421 -0.473545 -0.212051 -0.747367 1.905615 -0.491817 0.060643 -0.319527
0.564680 -0.473389 -0.213822 -0.747700 1.906685 -0.492349 0.060817 -0.320235
0.564939 -0.473232 -0.215593 -0.748035 1.907752 -0.492883 0.060996 -0.320943
0.565198 -0.473072 -0.217367 -0.748371 1.908816 -0.493416 0.061178 -0.321653
0.565457 -0.472910 -0.219141 -0.748709 1.909876 -0.493950 0.061365 -0.322364
0.565716 -0.472747 -0.220917 -0.749049 1.910933 -0.494485 0.061556 -0.323075
0.565976 -0.472581 -0.222694 -0.749391 1.911986 -0.495020 0.061751 -0.323788
0.566236 -0.472414 -0.224472 -0.749735 1.913036 -0.495555 0.061950 -0.324501
0.566496 -0.472245 -0.226252 -0.750080 1.914082 -0.496091 0.062153 -0.325216
0.566757 -0.472073 -0.228032 -0.750427 1.915125 -0.496627 0.062361 -0.325932
0.567017 -0.471900 -0.229814 -0.750775 1.916164 -0.497164 0.062573 -0.326648
0.567278 -0.471725 -0.231598 -0.751126 1.917199 -0.497700 0.062789 -0.327366
0.567540 -0.471548 -0.233382 -0.751478 1.918231 -0.498238 0.063009 -0.328085
0.567801 -0.471369 -0.235168 -0.751832 1.919260 -0.498775 0.063233 -0.328805
0.568063 -0.471189 -0.236955 -0.752187 1.920285 -0.499313 0.063462 -0.329526
0.568325 -0.471006 -0.238743 -0.752545 1.921306 -0.499852 0.063694 -0.330248
0.568587 -0.470821 -0.240532 -0.752903 1.922324 -0.500390 0.063931 -0.330971
0.568850 -0.470635 -0.242322 -0.753264 1.923338 -0.500929 0.064172 -0.331695
0.569113 -0.470447 -0.244114 -0.753626 1.924349 -0.501469 0.064417 -0.332420
0.569376 -0.470256 -0.245907 -0.753990 1.925356 -0.502008 0.064667 -0.333146
0.569640 -0.470064 -0.247701 -0.754356 1.926359 -0.502548 0.064920 -0.333874
0.569904 -0.469870 -0.249496 -0.754723 1.927358 -0.503088 0.065178 -0.334602
0.570168 -0.469674 -0.251292 -0.755092 1.928354 -0.503629 0.065440 -0.335332
0.570433 -0.469476 -0.253089 -0.755463 1.929346 -0.504170 0.065706 -0.336062
0.570698 -0.469277 -0.254887 -0.755835 1.930334 -0.504711 0.065977 -0.336794
0.570963 -0.469075 -0.256687 -0.756209 1.931319 -0.505252 0.066251 -0.337527
0.571228 -0.468871 -0.258487 -0.756585 1.932300 -0.505794 0.066530 -0.338261
0.571494 -0.468666 -0.260289 -0.756962 1.933277 -0.506336 0.066813 -0.338996
0.571761 -0.468459 -0.262091 -0.757341 1.934250 -0.506878 0.067099 -0.339732
0.572027 -0.468249 -0.263895 -0.757722 1.935220 -0.507420 0.067391 -0.340469
0.572294 -0.468038 -0.265699 -0.758104 1.936185 -0.507963 0.067686 -0.341208
0.572562 -0.467825 -0.267505 -0.758487 1.937147 -0.508506 0.067985 -0.341947
0.572829 -0.467611 -0.269312 -0.758873 1.938105 -0.509049 0.068289 -0.342688
0.573098 -0.467394 -0.271119 -0.759260 1.939060 -0.509592 0.068597 -0.343430
0.573366 -0.467175 -0.272928 -0.759648 1.940010 -0.510136 0.068909 -0.344173
0.573635 -0.466955 -0.274738 -0.760038 1.940957 -0.510680 0.069225 -0.344917
0.573905 -0.466733 -0.276548 -0.760430 1.941899 -0.511223 0.069545 -0.345662
0.574174 -0.466508 -0.278360 -0.760824 1.942838 -0.511768 0.069869 -0.346409
0.574444 -0.466282 -0.280172 -0.761218 1.943773 -0.512312 0.070198 -0.347156
0.574715 -0.466054 -0.281986 -0.761615 1.944704 -0.512856 0.070530 -0.347905
0.574986 -0.465825 -0.283800 -0.762013 1.945631 -0.513401 0.070867 -0.348655
0.575257 -0.465593 -0.285615 -0.762412 1.946554 -0.513945 0.071208 -0.349406
0.575529 -0.465359 -0.287431 -0.762814 1.947473 -0.514490 0.071553 -0.350159
0.575802 -0.465124 -0.289248 -0.763216 1.948388 -0.515035 0.071902 -0.350912
0.576074 -0.464887 -0.291066 -0.763621 1.949299 -0.515580 0.072256 -0.351667
0.576348 -0.464648 -0.292885 -0.764026 1.950207 -0.516126 0.072613 -0.352423
0.576621 -0.464407 -0.294705 -0.764434 1.951110 -0.516671 0.072974 -0.353180
0.576895 -0.464164 -0.296525 -0.764842 1.952009 -0.517216 0.073340 -0.353938
0.577170 -0.463919 -0.298346 -0.765253 1.952904 -0.517762 0.073710 -0.354697
0.577445 -0.463673 -0.300168 -0.765665 1.953795 -0.518307 0.074083 -0.355458
0.577720 -0.463425 -0.301991 -0.766078 1.954682 -0.518853 0.074461 -0.356220
0.577996 -0.463174 -0.303815 -0.766493 1.955565 -0.519399 0.074843 -0.356983
0.578273 -0.462922 -0.305639 -0.766909 1.956444 -0.519945 0.075229 -0.357747
0.578550 -0.462669 -0.307464 -0.767327 1.957319 -0.520490 0.075619 -0.358513
0.578827 -0.462413 -0.309290 -0.767746 1.958190 -0.521036 0.076013 -0.359280
0.579105 -0.462155 -0.311117 -0.768167 1.959057 -0.521582 0.076412 -0.360048
0.579384 -0.461896 -0.312944 -0.768589 1.959919 -0.522128 0.076814 -0.360817
0.579663 -0.461635 -0.314773 -0.769012 1.960778 -0.522674 0.077220 -0.361587
0.579942 -0.461372 -0.316601 -0.769438 1.961632 -0.523220 0.077631 -0.362359
0.580222 -0.461107 -0.318431 -0.769864 1.962482 -0.523766 0.078045 -0.363132
0.580503 -0.460840 -0.320261 -0.770292 1.963328 -0.524312 0.078463 -0.363906
0.580784 -0.460572 -0.322092 -0.770721 1.964170 -0.524858 0.078886 -0.364681
0.581065 -0.460302 -0.323923 -0.771152 1.965007 -0.525404 0.079312 -0.365458
0.581348 -0.460030 -0.325755 -0.771584 1.965841 -0.525950 0.079743 -0.366236
0.581630 -0.459756 -0.327588 -0.772018 1.966670 -0.526496 0.080177 -0.367015
0.581914 -0.459480 -0.329421 -0.772453 1.967495 -0.527041 0.080616 -0.367796
0.582197 -0.459203 -0.331255 -0.772889 1.968316 -0.527587 0.081058 -0.368577
0.582482 -0.458924 -0.333090 -0.773327 1.969133 -0.528133 0.081505 -0.369360
0.582767 -0.458642 -0.334925 -0.773766 1.969945 -0.528678 0.081955 -0.370144
0.583052 -0.458360 -0.336761 -0.774207 1.970753 -0.529224 0.082410 -0.370930
0.583338 -0.458075 -0.338597 -0.774649 1.971557 -0.529769 0.082868 -0.371717
0.583625 -0.457789 -0.340434 -0.775092 1.972357 -0.530315 0.083331 -0.372505
0.583912 -0.457500 -0.342271 -0.775537 1.973152 -0.530860 0.083797 -0.373294
0.584200 -0.457211 -0.344109 -0.775982 1.973943 -0.531405 0.084267 -0.374085
0.584488 -0.456919 -0.345947 -0.776430 1.974730 -0.531950 0.084741 -0.374877
0.584777 -0.456625 -0.347786 -0.776878 1.975512 -0.532495 0.085219 -0.375670
0.585067 -0.456330 -0.349625 -0.777328 1.976290 -0.533040 0.085702 -0.376464
0.585357 -0.456033 -0.351465 -0.777779 1.977064 -0.533584 0.086187 -0.377260
0.585648 -0.455734 -0.353305 -0.778232 1.977834 -0.534129 0.086677 -0.378057
0.585939 -0.455434 -0.355145 -0.778686 1.978599 -0.534673 0.087171 -0.378855
0.586231 -0.455131 -0.356986 -0.779141 1.979360 -0.535217 0.087669 -0.379655
0.586524 -0.454827 -0.358828 -0.779597 1.980116 -0.535761 0.088170 -0.380456
0.586818 -0.454522 -0.360669 -0.780055 1.980868 -0.536305 0.088676 -0.381258
0.587111 -0.454214 -0.362512 -0.780514 1.981616 -0.536848 0.089185 -0.382062
0.587406 -0.453905 -0.364354 -0.780974 1.982359 -0.537392 0.089698 -0.382867
0.587701 -0.453594 -0.366197 -0.781435 1.983098 -0.537935 0.090215 -0.383673
0.587997 -0.453281 -0.368040 -0.781898 1.983833 -0.538478 0.090735 -0.384481
0.588294 -0.452967 -0.369884 -0.782362 1.984563 -0.539021 0.091260 -0.385290
0.588591 -0.452651 -0.371727 -0.782827 1.985289 -0.539563 0.091788 -0.386100
0.588889 -0.452333 -0.373572 -0.783293 1.986010 -0.540105 0.092321 -0.386911
0.589187 -0.452013 -0.375416 -0.783761 1.986727 -0.540647 0.092857 -0.387724
0.589487 -0.451692 -0.377261 -0.784229 1.987439 -0.541189 0.093396 -0.388538
0.589786 -0.451369 -0.379106 -0.784699 1.988147 -0.541730 0.093940 -0.389354
0.590087 -0.451044 -0.380951 -0.785170 1.988851 -0.542271 0.094487 -0.390171
0.590388 -0.450718 -0.382796 -0.785642 1.989550 -0.542812 0.095038 -0.390989
0.590690 -0.450390 -0.384642 -0.786116 1.990245 -0.543353 0.095593 -0.391808
0.590993 -0.450060 -0.386488 -0.786590 1.990935 -0.543893 0.096151 -0.392629
0.591296 -0.449729 -0.388334 -0.787066 1.991621 -0.544433 0.096714 -0.393451
0.591600 -0.449396 -0.390180 -0.787543 1.992302 -0.544973 0.097280 -0.394275
0.591905 -0.449061 -0.392026 -0.788021 1.992979 -0.545512 0.097849 -0.395100
0.592210 -0.448725 -0.393873 -0.788500 1.993651 -0.546051 0.098423 -0.395926
0.592516 -0.448387 -0.395719 -0.788980 1.994319 -0.546590 0.099000 -0.396753
0.592823 -0.448047 -0.397566 -0.789461 1.994982 -0.547128 0.099580 -0.397582
0.593131 -0.447705 -0.399413 -0.789944 1.995641 -0.547666 0.100165 -0.398412
0.593439 -0.447362 -0.401260 -0.790427 1.996295 -0.548204 0.100753 -0.399244
0.593748 -0.447018 -0.403107 -0.790912 1.996945 -0.548741 0.101344 -0.400077
0.594058 -0.446672 -0.404954 -0.791397 1.997590 -0.549278 0.101939 -0.400911
0.594368 -0.446324 -0.406801 -0.791884 1.998231 -0.549814 0.102538 -0.401747
0.594679 -0.445974 -0.408648 -0.792372 1.998867 -0.550350 0.103141 -0.402584
0.594991 -0.445623 -0.410496 -0.792861 1.999498 -0.550886 0.103747 -0.403422
0.595304 -0.445270 -0.412343 -0.793350 2.000125 -0.551421 0.104356 -0.404262
0.595618 -0.444916 -0.414190 -0.793841 2.000748 -0.551956 0.104970 -0.405103
0.595932 -0.444560 -0.416037 -0.794333 2.001366 -0.552490 0.105586 -0.405945
0.596247 -0.444202 -0.417885 -0.794826 2.001979 -0.553024 0.106207 -0.406789
0.596562 -0.443843 -0.419732 -0.795320 2.002588 -0.553558 0.106830 -0.407634
0.596879 -0.443482 -0.421579 -0.795814 2.003192 -0.554091 0.107458 -0.408481
0.597196 -0.443120 -0.423426 -0.796310 2.003792 -0.554623 0.108089 -0.409329
0.597514 -0.442756 -0.425273 -0.796807 2.004387 -0.555155 0.108723 -0.410178
0.597833 -0.442391 -0.427120 -0.797305 2.004977 -0.555687 0.109361 -0.411029
0.598153 -0.442023 -0.428967 -0.797803 2.005563 -0.556218 0.110002 -0.411881
0.598473 -0.441655 -0.430813 -0.798303 2.006145 -0.556749 0.110647 -0.412734
0.598794 -0.441285 -0.432660 -0.798803 2.006721 -0.557279 0.111295 -0.413589
0.599116 -0.440913 -0.434506 -0.799305 2.007293 -0.557809 0.111946 -0.414445
0.599439 -0.440540 -0.436352 -0.799807 2.007861 -0.558338 0.112601 -0.415302
0.599762 -0.440165 -0.438198 -0.800310 2.008424 -0.558867 0.113260 -0.416161
0.600086 -0.439789 -0.440044 -0.800815 2.008982 -0.559395 0.113922 -0.417021
0.600411 -0.439411 -0.441890 -0.801320 2.009536 -0.559922 0.114587 -0.417883
0.600737 -0.439031 -0.443735 -0.801825 2.010085 -0.560449 0.115255 -0.418746
0.601064 -0.438651 -0.445580 -0.802332 2.010629 -0.560976 0.115927 -0.419610
0.601391 -0.438268 -0.447425 -0.802840 2.011169 -0.561502 0.116603 -0.420476
0.601720 -0.437884 -0.449270 -0.803348 2.011704 -0.562027 0.117281 -0.421343
0.602049 -0.437499 -0.451114 -0.803857 2.012235 -0.562552 0.117963 -0.422211
0.602379 -0.437112 -0.452959 -0.804367 2.012761 -0.563076 0.118648 -0.423081
0.602710 -0.436724 -0.454802 -0.804878 2.013282 -0.563600 0.119337 -0.423952
0.603041 -0.436334 -0.456646 -0.805390 2.013799 -0.564123 0.120029 -0.424825
0.603374 -0.435943 -0.458489 -0.805903 2.014311 -0.564645 0.120724 -0.425699
0.603707 -0.435550 -0.460332 -0.806416 2.014819 -0.565167 0.121422 -0.426574
0.604041 -0.435156 -0.462175 -0.806930 2.015321 -0.565689 0.122123 -0.427451
0.604376 -0.434760 -0.464017 -0.807445 2.015820 -0.566209 0.122828 -0.428329
0.604711 -0.434363 -0.465859 -0.807960 2.016313 -0.566729 0.123536 -0.429208
0.605048 -0.433965 -0.467700 -0.808476 2.016802 -0.567249 0.124247 -0.430089
0.605385 -0.433565 -0.469541 -0.808993 2.017286 -0.567767 0.124962 -0.430971
0.605724 -0.433164 -0.471382 -0.809511 2.017766 -0.568285 0.125679 -0.431854
0.606063 -0.432761 -0.473222 -0.810030 2.018241 -0.568803 0.126400 -0.432739
0.606403 -0.432357 -0.475062 -0.810549 2.018711 -0.569320 0.127124 -0.433626
0.606743 -0.431951 -0.476901 -0.811068 2.019177 -0.569836 0.127850 -0.434513
0.607085 -0.431544 -0.478740 -0.811589 2.019638 -0.570351 0.128580 -0.435402
0.607428 -0.431136 -0.480579 -0.812110 2.020094 -0.570866 0.129314 -0.436293
0.607771 -0.430726 -0.482417 -0.812632 2.020546 -0.571380 0.130050 -0.437184
0.608115 -0.430315 -0.484254 -0.813154 2.020993 -0.571893 0.130789 -0.438077
0.608460 -0.429903 -0.486091 -0.813678 2.021435 -0.572406 0.131531 -0.438972
0.608806 -0.429489 -0.487927 -0.814201 2.021873 -0.572918 0.132277 -0.439868
0.609153 -0.429074 -0.489763 -0.814726 2.022306 -0.573429 0.133025 -0.440765
0.609500 -0.428658 -0.491597 -0.815250 2.022734 -0.573939 0.133776 -0.441663
0.609848 -0.428241 -0.493430 -0.815775 2.023157 -0.574448 0.134529 -0.442562
0.610197 -0.427823 -0.495259 -0.816300 2.023575 -0.574956 0.135285 -0.443460
0.610545 -0.427404 -0.497084 -0.816824 2.023988 -0.575462 0.136041 -0.444359
0.610894 -0.426985 -0.498904 -0.817348 2.024395 -0.575966 0.136800 -0.445257
0.611243 -0.426566 -0.500719 -0.817870 2.024796 -0.576468 0.137558 -0.446153
0.611591 -0.426147 -0.502528 -0.818392 2.025192 -0.576968 0.138318 -0.447049
0.611939 -0.425729 -0.504329 -0.818912 2.025582 -0.577465 0.139077 -0.447942
0.612286 -0.425310 -0.506123 -0.819431 2.025965 -0.577959 0.139836 -0.448833
0.612633 -0.424893 -0.507907 -0.819948 2.026343 -0.578450 0.140595 -0.449721
0.612979 -0.424476 -0.509682 -0.820462 2.026714 -0.578938 0.141352 -0.450606
0.613323 -0.424061 -0.511446 -0.820974 2.027078 -0.579423 0.142108 -0.451487
0.613667 -0.423647 -0.513199 -0.821484 2.027437 -0.579904 0.142861 -0.452364
0.614008 -0.423234 -0.514940 -0.821990 2.027788 -0.580381 0.143613 -0.453237
0.614349 -0.422824 -0.516668 -0.822494 2.028133 -0.580854 0.144361 -0.454105
0.614687 -0.422415 -0.518382 -0.822994 2.028471 -0.581322 0.145107 -0.454967
0.615024 -0.422009 -0.520081 -0.823490 2.028803 -0.581786 0.145848 -0.455823
0.615358 -0.421605 -0.521765 -0.823982 2.029127 -0.582245 0.146586 -0.456673
0.615690 -0.421204 -0.523433 -0.824470 2.029445 -0.582700 0.147319 -0.457517
0.616019 -0.420805 -0.525084 -0.824954 2.029755 -0.583149 0.148047 -0.458353
0.616346 -0.420410 -0.526717 -0.825433 2.030059 -0.583593 0.148770 -0.459181
0.616670 -0.420019 -0.528331 -0.825907 2.030355 -0.584031 0.149487 -0.460002
0.616991 -0.419631 -0.529926 -0.826375 2.030645 -0.584463 0.150198 -0.460814
0.617308 -0.419247 -0.531500 -0.826838 2.030927 -0.584890 0.150902 -0.461616
0.617622 -0.418867 -0.533053 -0.827296 2.031203 -0.585310 0.151599 -0.462410
0.617933 -0.418491 -0.534585 -0.827747 2.031471 -0.585724 0.152288 -0.463193
0.618239 -0.418120 -0.536094 -0.828192 2.031732 -0.586131 0.152969 -0.463967
0.618541 -0.417754 -0.537579 -0.828631 2.031986 -0.586532 0.153642 -0.464729
0.618840 -0.417393 -0.539040 -0.829063 2.032233 -0.586925 0.154306 -0.465480
0.619133 -0.417037 -0.540476 -0.829487 2.032474 -0.587312 0.154960 -0.466219
0.619423 -0.416687 -0.541886 -0.829905 2.032706 -0.587691 0.155604 -0.466946
0.619707 -0.416343 -0.543270 -0.830314 2.032932 -0.588062 0.156238 -0.467661
0.619986 -0.416005 -0.544626 -0.830716 2.033151 -0.588426 0.156861 -0.468362
0.620260 -0.415673 -0.545954 -0.831111 2.033363 -0.588782 0.157472 -0.469050
0.620530 -0.415347 -0.547255 -0.831497 2.033568 -0.589130 0.158073 -0.469724
0.620793 -0.415028 -0.548528 -0.831875 2.033767 -0.589470 0.158662 -0.470385
0.621052 -0.414714 -0.549773 -0.832245 2.033959 -0.589803 0.159241 -0.471033
0.621306 -0.414407 -0.550991 -0.832608 2.034145 -0.590128 0.159807 -0.471667
0.621554 -0.414107 -0.552181 -0.832962 2.034324 -0.590446 0.160362 -0.472287
0.621797 -0.413813 -0.553344 -0.833308 2.034498 -0.590755 0.160906 -0.472894
0.622034 -0.413525 -0.554479 -0.833647 2.034666 -0.591057 0.161438 -0.473487
0.622267 -0.413244 -0.555587 -0.833977 2.034827 -0.591352 0.161958 -0.474067
0.622494 -0.412969 -0.556667 -0.834299 2.034984 -0.591639 0.162466 -0.474632
0.622715 -0.412701 -0.557719 -0.834613 2.035135 -0.591918 0.162962 -0.475185
0.622931 -0.412439 -0.558745 -0.834920 2.035280 -0.592190 0.163447 -0.475723
0.623142 -0.412184 -0.559743 -0.835218 2.035420 -0.592455 0.163919 -0.476247
0.623347 -0.411936 -0.560713 -0.835508 2.035555 -0.592712 0.164379 -0.476758
0.623547 -0.411694 -0.561656 -0.835790 2.035685 -0.592961 0.164827 -0.477255
0.623741 -0.411459 -0.562572 -0.836064 2.035810 -0.593204 0.165263 -0.477738
0.623930 -0.411231 -0.563460 -0.836330 2.035930 -0.593438 0.165687 -0.478206
0.624114 -0.411009 -0.564322 -0.836588 2.036046 -0.593666 0.166098 -0.478661
0.624291 -0.410794 -0.565156 -0.836838 2.036156 -0.593886 0.166497 -0.479102
0.624463 -0.410586 -0.565962 -0.837080 2.036263 -0.594098 0.166883 -0.479529
0.624630 -0.410384 -0.566742 -0.837314 2.036365 -0.594304 0.167257 -0.479942
0.624791 -0.410190 -0.567494 -0.837539 2.036462 -0.594502 0.167619 -0.480341
0.624946 -0.410002 -0.568219 -0.837757 2.036555 -0.594693 0.167968 -0.480725
0.625096 -0.409821 -0.568917 -0.837966 2.036644 -0.594876 0.168304 -0.481096
0.625240 -0.409647 -0.569587 -0.838168 2.036729 -0.595052 0.168627 -0.481452
0.625378 -0.409479 -0.570231 -0.838361 2.036810 -0.595222 0.168938 -0.481794
0.625511 -0.409319 -0.570847 -0.838546 2.036887 -0.595383 0.169236 -0.482122
0.625637 -0.409166 -0.571437 -0.838723 2.036960 -0.595538 0.169522 -0.482436
0.625759 -0.409019 -0.571999 -0.838892 2.037029 -0.595685 0.169794 -0.482735
0.625874 -0.408880 -0.572534 -0.839053 2.037095 -0.595826 0.170054 -0.483021
0.625984 -0.408747 -0.573042 -0.839206 2.037157 -0.595959 0.170300 -0.483292
0.626088 -0.408622 -0.573523 -0.839351 2.037215 -0.596085 0.170534 -0.483548
0.626186 -0.408503 -0.573977 -0.839487 2.037269 -0.596204 0.170755 -0.483791
0.626278 -0.408391 -0.574404 -0.839616 2.037320 -0.596316 0.170963 -0.484019
0.626365 -0.408286 -0.574805 -0.839737 2.037368 -0.596421 0.171159 -0.484233
0.626447 -0.408188 -0.575181 -0.839850 2.037413 -0.596519 0.171342 -0.484434
0.626523 -0.408095 -0.575533 -0.839956 2.037454 -0.596611 0.171514 -0.484623
0.626594 -0.408009 -0.575862 -0.840055 2.037493 -0.596697 0.171674 -0.484798
0.626661 -0.407929 -0.576167 -0.840147 2.037529 -0.596777 0.171824 -0.484962
0.626723 -0.407855 -0.576451 -0.840232 2.037562 -0.596851 0.171962 -0.485114
0.626780 -0.407786 -0.576714 -0.840311 2.037593 -0.596919 0.172091 -0.485255
0.626832 -0.407722 -0.576957 -0.840384 2.037621 -0.596983 0.172210 -0.485385
0.626881 -0.407663 -0.577180 -0.840452 2.037647 -0.597041 0.172319 -0.485504
0.626925 -0.407610 -0.577384 -0.840513 2.037670 -0.597094 0.172419 -0.485614
0.626966 -0.407561 -0.577571 -0.840570 2.037692 -0.597143 0.172511 -0.485714
0.627003 -0.407516 -0.577741 -0.840621 2.037711 -0.597188 0.172594 -0.485805
0.627037 -0.407475 -0.577895 -0.840667 2.037729 -0.597228 0.172669 -0.485888
0.627067 -0.407439 -0.578033 -0.840709 2.037745 -0.597264 0.172737 -0.485962
0.627094 -0.407407 -0.578157 -0.840746 2.037759 -0.597296 0.172798 -0.486028
0.627118 -0.407378 -0.578267 -0.840779 2.037771 -0.597325 0.172852 -0.486087
0.627139 -0.407352 -0.578364 -0.840808 2.037782 -0.597350 0.172899 -0.486139
0.627157 -0.407330 -0.578449 -0.840834 2.037792 -0.597372 0.172941 -0.486185
0.627173 -0.407310 -0.578522 -0.840856 2.037800 -0.597391 0.172977 -0.486224
0.627187 -0.407294 -0.578585 -0.840875 2.037807 -0.597408 0.173008 -0.486258
0.627199 -0.407280 -0.578639 -0.840891 2.037813 -0.597422 0.173034 -0.486287
0.627208 -0.407268 -0.578683 -0.840905 2.037818 -0.597433 0.173056 -0.486311
0.627216 -0.407258 -0.578720 -0.840916 2.037823 -0.597443 0.173074 -0.486330
0.627223 -0.407251 -0.578749 -0.840925 2.037826 -0.597450 0.173088 -0.486346
0.627228 -0.407245 -0.578772 -0.840931 2.037828 -0.597456 0.173100 -0.486358
0.627231 -0.407240 -0.578789 -0.840937 2.037831 -0.597461 0.173108 -0.486368
0.627234 -0.407237 -0.578801 -0.840940 2.037832 -0.597464 0.173114 -0.486374
0.627236 -0.407235 -0.578809 -0.840943 2.037833 -0.597466 0.173118 -0.486378
0.627237 -0.407233 -0.578814 -0.840944 2.037833 -0.597467 0.173120 -0.486381
0.627238 -0.407233 -0.578817 -0.840945 2.037834 -0.597468 0.173122 -0.486383
