800
0.375000 -0.349066 0.436332 -0.785398 1.239184 -0.349066 0.349066 0.000000
0.375000 -0.349066 0.436332 -0.785398 1.239184 -0.349066 0.349066 0.000000
0.375000 -0.349066 0.436332 -0.785398 1.239184 -0.349066 0.349066 -0.000000
0.375000 -0.349066 0.436332 -0.785398 1.239184 -0.349066 0.349065 -0.000000
0.374999 -0.349067 0.436331 -0.785398 1.239186 -0.349066 0.349064 -0.000001
0.374998 -0.349069 0.436328 -0.785397 1.239190 -0.349066 0.349061 -0.000003
0.374995 -0.349072 0.436324 -0.785396 1.239196 -0.349066 0.349056 -0.000006
0.374992 -0.349076 0.436318 -0.785395 1.239205 -0.349066 0.349049 -0.000011
0.374987 -0.349082 0.436310 -0.785392 1.239217 -0.349067 0.349039 -0.000017
0.374980 -0.349090 0.436299 -0.785390 1.239233 -0.349067 0.349025 -0.000025
0.374972 -0.349100 0.436284 -0.785386 1.239254 -0.349068 0.349008 -0.000035
0.374962 -0.349113 0.436267 -0.785381 1.239280 -0.349069 0.348987 -0.000049
0.374949 -0.349129 0.436245 -0.785376 1.239313 -0.349070 0.348960 -0.000065
0.374934 -0.349148 0.436219 -0.785369 1.239351 -0.349071 0.348929 -0.000084
0.374916 -0.349170 0.436188 -0.785361 1.239396 -0.349072 0.348892 -0.000107
0.374895 -0.349196 0.436152 -0.785352 1.239449 -0.349073 0.348848 -0.000134
0.374871 -0.349226 0.436111 -0.785342 1.239510 -0.349075 0.348798 -0.000164
0.374843 -0.349260 0.436064 -0.785330 1.239580 -0.349077 0.348741 -0.000199
0.374812 -0.349298 0.436010 -0.785316 1.239659 -0.349079 0.348677 -0.000239
0.374777 -0.349342 0.435950 -0.785301 1.239748 -0.349082 0.348604 -0.000284
0.374738 -0.349390 0.435882 -0.785283 1.239847 -0.349085 0.348522 -0.000334
0.374694 -0.349444 0.435807 -0.785264 1.239958 -0.349088 0.348432 -0.000389
0.374646 -0.349504 0.435724 -0.785243 1.240080 -0.349091 0.348332 -0.000451
0.374593 -0.349570 0.435633 -0.785220 1.240214 -0.349095 0.348222 -0.000518
0.374535 -0.349642 0.435534 -0.785195 1.240361 -0.349100 0.348102 -0.000592
0.374471 -0.349720 0.435425 -0.785167 1.240521 -0.349104 0.347971 -0.000673
0.374402 -0.349805 0.435306 -0.785137 1.240696 -0.349109 0.347829 -0.000760
0.374327 -0.349897 0.435178 -0.785104 1.240884 -0.349115 0.347674 -0.000855
0.374247 -0.349997 0.435040 -0.785069 1.241088 -0.349121 0.347508 -0.000958
0.374160 -0.350104 0.434891 -0.785031 1.241308 -0.349127 0.347328 -0.001068
0.374066 -0.350219 0.434730 -0.784990 1.241544 -0.349134 0.347135 -0.001186
0.373966 -0.350342 0.434559 -0.784947 1.241797 -0.349142 0.346929 -0.001313
0.373859 -0.350474 0.434375 -0.784900 1.242067 -0.349149 0.346709 -0.001449
0.373745 -0.350615 0.434179 -0.784850 1.242355 -0.349158 0.346473 -0.001594
0.373623 -0.350764 0.433971 -0.784797 1.242662 -0.349167 0.346223 -0.001748
0.373493 -0.350923 0.433749 -0.784741 1.242988 -0.349177 0.345957 -0.001912
0.373356 -0.351091 0.433514 -0.784681 1.243333 -0.349187 0.345676 -0.002085
0.373211 -0.351269 0.433266 -0.784618 1.243698 -0.349198 0.345379 -0.002269
0.373059 -0.351456 0.433004 -0.784552 1.244082 -0.349210 0.345066 -0.002461
0.372898 -0.351652 0.432730 -0.784483 1.244485 -0.349223 0.344738 -0.002664
0.372730 -0.351858 0.432442 -0.784410 1.244908 -0.349236 0.344393 -0.002876
0.372553 -0.352073 0.432140 -0.784334 1.245351 -0.349249 0.344034 -0.003098
0.372369 -0.352297 0.431826 -0.784254 1.245813 -0.349264 0.343659 -0.003330
0.372178 -0.352531 0.431498 -0.784171 1.246294 -0.349279 0.343268 -0.003572
0.371978 -0.352773 0.431156 -0.784085 1.246794 -0.349295 0.342862 -0.003823
0.371770 -0.353025 0.430801 -0.783996 1.247315 -0.349311 0.342440 -0.004084
0.371554 -0.353287 0.430433 -0.783903 1.247854 -0.349329 0.342003 -0.004354
0.371331 -0.353557 0.430051 -0.783807 1.248413 -0.349347 0.341550 -0.004635
0.371099 -0.353837 0.429656 -0.783707 1.248992 -0.349366 0.341082 -0.004925
0.370860 -0.354126 0.429248 -0.783605 1.249590 -0.349385 0.340598 -0.005224
0.370612 -0.354425 0.428826 -0.783499 1.250207 -0.349406 0.340100 -0.005534
0.370357 -0.354732 0.428390 -0.783389 1.250844 -0.349427 0.339586 -0.005853
0.370093 -0.355049 0.427941 -0.783277 1.251500 -0.349449 0.339056 -0.006182
0.369821 -0.355374 0.427478 -0.783161 1.252176 -0.349472 0.338511 -0.006520
0.369542 -0.355709 0.427002 -0.783042 1.252872 -0.349496 0.337952 -0.006868
0.369254 -0.356053 0.426512 -0.782920 1.253587 -0.349521 0.337376 -0.007226
0.368958 -0.356406 0.426008 -0.782794 1.254321 -0.349547 0.336786 -0.007594
0.368653 -0.356768 0.425490 -0.782665 1.255075 -0.349574 0.336181 -0.007971
0.368341 -0.357139 0.424959 -0.782533 1.255849 -0.349601 0.335560 -0.008358
0.368020 -0.357519 0.424414 -0.782398 1.256642 -0.349630 0.334925 -0.008754
0.367691 -0.357909 0.423856 -0.782259 1.257455 -0.349660 0.334275 -0.009160
0.367354 -0.358307 0.423283 -0.782117 1.258287 -0.349690 0.333609 -0.009576
0.367008 -0.358714 0.422697 -0.781972 1.259139 -0.349722 0.332929 -0.010002
0.366654 -0.359130 0.422097 -0.781824 1.260010 -0.349755 0.332234 -0.010437
0.366292 -0.359554 0.421482 -0.781672 1.260902 -0.349789 0.331524 -0.010882
0.365921 -0.359988 0.420854 -0.781518 1.261812 -0.349824 0.330799 -0.011336
0.365542 -0.360431 0.420212 -0.781360 1.262743 -0.349860 0.330059 -0.011801
0.365154 -0.360882 0.419556 -0.781199 1.263693 -0.349897 0.329305 -0.012274
0.364758 -0.361342 0.418885 -0.781035 1.264663 -0.349936 0.328536 -0.012758
0.364353 -0.361811 0.418201 -0.780867 1.265652 -0.349976 0.327753 -0.013251
0.363940 -0.362288 0.417503 -0.780697 1.266661 -0.350017 0.326956 -0.013753
0.363519 -0.362774 0.416792 -0.780523 1.267687 -0.350059 0.326145 -0.014264
0.363090 -0.363266 0.416068 -0.780347 1.268732 -0.350103 0.325322 -0.014784
0.362653 -0.363767 0.415331 -0.780168 1.269793 -0.350148 0.324486 -0.015312
0.362209 -0.364275 0.414582 -0.779987 1.270872 -0.350194 0.323638 -0.015848
0.361758 -0.364789 0.413822 -0.779803 1.271966 -0.350241 0.322779 -0.016392
0.361299 -0.365310 0.413050 -0.779617 1.273076 -0.350290 0.321909 -0.016944
0.360834 -0.365837 0.412267 -0.779428 1.274201 -0.350339 0.321028 -0.017502
0.360362 -0.366370 0.411473 -0.779237 1.275340 -0.350390 0.320138 -0.018068
0.359884 -0.366909 0.410669 -0.779044 1.276493 -0.350443 0.319238 -0.018640
0.359399 -0.367453 0.409854 -0.778849 1.277660 -0.350496 0.318330 -0.019218
0.358909 -0.368003 0.409031 -0.778653 1.278839 -0.350551 0.317413 -0.019803
0.358413 -0.368557 0.408198 -0.778454 1.280030 -0.350607 0.316488 -0.020393
0.357911 -0.369115 0.407356 -0.778254 1.281232 -0.350664 0.315556 -0.020988
0.357404 -0.369678 0.406506 -0.778053 1.282446 -0.350723 0.314616 -0.021589
0.356891 -0.370244 0.405648 -0.777850 1.283670 -0.350783 0.313671 -0.022194
0.356374 -0.370815 0.404782 -0.777646 1.284903 -0.350843 0.312719 -0.022804
0.355853 -0.371388 0.403909 -0.777440 1.286146 -0.350906 0.311762 -0.023418
0.355326 -0.371964 0.403028 -0.777234 1.287398 -0.350969 0.310800 -0.024036
0.354796 -0.372544 0.402142 -0.777026 1.288657 -0.351033 0.309833 -0.024658
0.354262 -0.373125 0.401249 -0.776818 1.289925 -0.351099 0.308863 -0.025283
0.353724 -0.373709 0.400351 -0.776608 1.291198 -0.351166 0.307888 -0.025911
0.353182 -0.374295 0.399447 -0.776398 1.292479 -0.351234 0.306911 -0.026542
0.352637 -0.374882 0.398538 -0.776188 1.293765 -0.351303 0.305931 -0.027175
0.352089 -0.375471 0.397625 -0.775977 1.295056 -0.351373 0.304949 -0.027810
0.351539 -0.376061 0.396707 -0.775766 1.296352 -0.351444 0.303965 -0.028448
0.350985 -0.376651 0.395786 -0.775554 1.297651 -0.351516 0.302980 -0.029087
0.350430 -0.377242 0.394861 -0.775342 1.298954 -0.351589 0.301994 -0.029727
0.349872 -0.377833 0.393934 -0.775131 1.300260 -0.351663 0.301008 -0.030368
0.349313 -0.378424 0.393004 -0.774919 1.301569 -0.351738 0.300022 -0.031010
0.348752 -0.379015 0.392071 -0.774707 1.302878 -0.351814 0.299037 -0.031652
0.348190 -0.379605 0.391138 -0.774496 1.304189 -0.351891 0.298052 -0.032295
0.347626 -0.380194 0.390202 -0.774285 1.305501 -0.351969 0.297069 -0.032937
0.347062 -0.380783 0.389266 -0.774074 1.306813 -0.352048 0.296088 -0.033579
0.346497 -0.381371 0.388328 -0.773864 1.308125 -0.352128 0.295108 -0.034221
0.345930 -0.381957 0.387389 -0.773654 1.309438 -0.352208 0.294129 -0.034863
0.345362 -0.382543 0.386449 -0.773444 1.310752 -0.352290 0.293152 -0.035505
0.344794 -0.383128 0.385507 -0.773235 1.312066 -0.352372 0.292176 -0.036146
0.344224 -0.383713 0.384564 -0.773026 1.313380 -0.352455 0.291202 -0.036788
0.343653 -0.384296 0.383619 -0.772818 1.314695 -0.352539 0.290229 -0.037429
0.343082 -0.384878 0.382674 -0.772610 1.316010 -0.352624 0.289258 -0.038070
0.342509 -0.385460 0.381727 -0.772402 1.317326 -0.352710 0.288288 -0.038711
0.341935 -0.386041 0.380779 -0.772195 1.318642 -0.352796 0.287320 -0.039351
0.341360 -0.386620 0.379829 -0.771988 1.319959 -0.352884 0.286353 -0.039992
0.340784 -0.387199 0.378878 -0.771781 1.321277 -0.352973 0.285387 -0.040632
0.340207 -0.387777 0.377926 -0.771575 1.322594 -0.353062 0.284423 -0.041272
0.339629 -0.388355 0.376972 -0.771369 1.323913 -0.353152 0.283461 -0.041912
0.339050 -0.388931 0.376018 -0.771164 1.325231 -0.353243 0.282500 -0.042552
0.338469 -0.389506 0.375061 -0.770959 1.326551 -0.353336 0.281540 -0.043192
0.337888 -0.390081 0.374104 -0.770755 1.327870 -0.353429 0.280582 -0.043831
0.337306 -0.390655 0.373145 -0.770551 1.329191 -0.353523 0.279625 -0.044470
0.336723 -0.391227 0.372185 -0.770347 1.330511 -0.353617 0.278670 -0.045109
0.336138 -0.391799 0.371223 -0.770144 1.331833 -0.353713 0.277717 -0.045748
0.335553 -0.392370 0.370260 -0.769941 1.333154 -0.353810 0.276764 -0.046387
0.334966 -0.392940 0.369296 -0.769739 1.334476 -0.353907 0.275814 -0.047025
0.334379 -0.393510 0.368330 -0.769537 1.335799 -0.354006 0.274865 -0.047664
0.333790 -0.394078 0.367363 -0.769336 1.337122 -0.354105 0.273917 -0.048302
0.333201 -0.394645 0.366395 -0.769135 1.338446 -0.354206 0.272970 -0.048940
0.332610 -0.395212 0.365425 -0.768934 1.339770 -0.354307 0.272026 -0.049577
0.332018 -0.395778 0.364454 -0.768734 1.341095 -0.354409 0.271082 -0.050215
0.331426 -0.396342 0.363482 -0.768535 1.342420 -0.354512 0.270140 -0.050852
0.330832 -0.396906 0.362508 -0.768336 1.343746 -0.354616 0.269200 -0.051489
0.330237 -0.397469 0.361533 -0.768137 1.345072 -0.354721 0.268261 -0.052126
0.329641 -0.398031 0.360556 -0.767939 1.346399 -0.354827 0.267324 -0.052763
0.329044 -0.398592 0.359578 -0.767742 1.347726 -0.354934 0.266388 -0.053399
0.328447 -0.399152 0.358599 -0.767545 1.349054 -0.355042 0.265454 -0.054036
0.327848 -0.399712 0.357618 -0.767348 1.350382 -0.355150 0.264521 -0.054672
0.327248 -0.400270 0.356636 -0.767152 1.351711 -0.355260 0.263589 -0.055308
0.326647 -0.400828 0.355652 -0.766957 1.353040 -0.355371 0.262659 -0.055943
0.326045 -0.401384 0.354668 -0.766762 1.354370 -0.355482 0.261731 -0.056579
0.325442 -0.401940 0.353681 -0.766567 1.355700 -0.355595 0.260804 -0.057214
0.324837 -0.402495 0.352693 -0.766373 1.357031 -0.355708 0.259878 -0.057849
0.324232 -0.403048 0.351704 -0.766180 1.358362 -0.355822 0.258954 -0.058484
0.323626 -0.403601 0.350714 -0.765987 1.359693 -0.355938 0.258032 -0.059119
0.323019 -0.404153 0.349722 -0.765795 1.361026 -0.356054 0.257111 -0.059753
0.322411 -0.404704 0.348729 -0.765603 1.362358 -0.356171 0.256191 -0.060387
0.321801 -0.405254 0.347734 -0.765412 1.363692 -0.356289 0.255273 -0.061021
0.321191 -0.405804 0.346738 -0.765221 1.365025 -0.356408 0.254357 -0.061655
0.320580 -0.406352 0.345740 -0.765031 1.366359 -0.356529 0.253442 -0.062289
0.319968 -0.406899 0.344741 -0.764841 1.367694 -0.356650 0.252528 -0.062922
0.319354 -0.407446 0.343741 -0.764652 1.369029 -0.356772 0.251616 -0.063555
0.318740 -0.407991 0.342739 -0.764464 1.370365 -0.356895 0.250706 -0.064188
0.318124 -0.408535 0.341735 -0.764276 1.371701 -0.357019 0.249797 -0.064821
0.317508 -0.409079 0.340731 -0.764089 1.373038 -0.357144 0.248890 -0.065454
0.316890 -0.409622 0.339724 -0.763902 1.374375 -0.357269 0.247984 -0.066086
0.316272 -0.410163 0.338717 -0.763716 1.375713 -0.357396 0.247079 -0.066718
0.315652 -0.410704 0.337708 -0.763531 1.377051 -0.357524 0.246176 -0.067350
0.315032 -0.411244 0.336697 -0.763346 1.378389 -0.357653 0.245275 -0.067982
0.314410 -0.411783 0.335685 -0.763162 1.379729 -0.357783 0.244375 -0.068613
0.313788 -0.412321 0.334672 -0.762979 1.381068 -0.357914 0.243477 -0.069244
0.313164 -0.412858 0.333657 -0.762796 1.382408 -0.358045 0.242580 -0.069875
0.312540 -0.413394 0.332641 -0.762613 1.383749 -0.358178 0.241685 -0.070506
0.311914 -0.413929 0.331623 -0.762432 1.385090 -0.358312 0.240791 -0.071137
0.311287 -0.414463 0.330604 -0.762251 1.386432 -0.358446 0.239899 -0.071767
0.310660 -0.414996 0.329583 -0.762071 1.387774 -0.358582 0.239008 -0.072397
0.310031 -0.415528 0.328561 -0.761891 1.389116 -0.358719 0.238119 -0.073027
0.309401 -0.416059 0.327537 -0.761712 1.390460 -0.358856 0.237231 -0.073656
0.308771 -0.416589 0.326512 -0.761533 1.391803 -0.358995 0.236345 -0.074286
0.308139 -0.417118 0.325485 -0.761356 1.393147 -0.359135 0.235460 -0.074915
0.307506 -0.417647 0.324457 -0.761179 1.394492 -0.359275 0.234577 -0.075544
0.306872 -0.418174 0.323428 -0.761002 1.395837 -0.359417 0.233696 -0.076173
0.306238 -0.418700 0.322397 -0.760827 1.397182 -0.359560 0.232816 -0.076801
0.305602 -0.419226 0.321364 -0.760652 1.398528 -0.359703 0.231938 -0.077430
0.304965 -0.419750 0.320330 -0.760477 1.399874 -0.359848 0.231061 -0.078058
0.304327 -0.420273 0.319294 -0.760304 1.401221 -0.359994 0.230185 -0.078685
0.303689 -0.420796 0.318257 -0.760131 1.402569 -0.360140 0.229312 -0.079313
0.303049 -0.421317 0.317219 -0.759959 1.403917 -0.360288 0.228440 -0.079940
0.302408 -0.421838 0.316179 -0.759787 1.405265 -0.360437 0.227569 -0.080567
0.301766 -0.422357 0.315137 -0.759617 1.406614 -0.360587 0.226700 -0.081194
0.301124 -0.422875 0.314094 -0.759447 1.407963 -0.360737 0.225832 -0.081821
0.300480 -0.423393 0.313050 -0.759278 1.409313 -0.360889 0.224966 -0.082447
0.299835 -0.423909 0.312004 -0.759109 1.410663 -0.361042 0.224102 -0.083074
0.299189 -0.424425 0.310956 -0.758941 1.412014 -0.361196 0.223239 -0.083699
0.298542 -0.424939 0.309907 -0.758774 1.413365 -0.361350 0.222378 -0.084325
0.297894 -0.425452 0.308856 -0.758608 1.414716 -0.361506 0.221519 -0.084951
0.297246 -0.425965 0.307804 -0.758442 1.416068 -0.361663 0.220660 -0.085576
0.296596 -0.426476 0.306751 -0.758278 1.417421 -0.361821 0.219804 -0.086201
0.295945 -0.426987 0.305695 -0.758114 1.418774 -0.361980 0.218949 -0.086826
0.295293 -0.427496 0.304639 -0.757951 1.420127 -0.362140 0.218096 -0.087450
0.294640 -0.428004 0.303580 -0.757788 1.421481 -0.362301 0.217244 -0.088075
0.293987 -0.428512 0.302521 -0.757627 1.422836 -0.362462 0.216394 -0.088699
0.293332 -0.429018 0.301459 -0.757466 1.424190 -0.362626 0.215545 -0.089322
0.292676 -0.429523 0.300396 -0.757306 1.425546 -0.362790 0.214699 -0.089946
0.292019 -0.430027 0.299332 -0.757147 1.426901 -0.362955 0.213853 -0.090569
0.291362 -0.430531 0.298266 -0.756988 1.428257 -0.363121 0.213009 -0.091193
0.290703 -0.431033 0.297199 -0.756831 1.429614 -0.363288 0.212167 -0.091815
0.290043 -0.431534 0.296129 -0.756674 1.430971 -0.363456 0.211327 -0.092438
0.289382 -0.432034 0.295059 -0.756518 1.432328 -0.363625 0.210488 -0.093061
0.288721 -0.432533 0.293987 -0.756363 1.433686 -0.363796 0.209651 -0.093683
0.288058 -0.433031 0.292913 -0.756208 1.435044 -0.363967 0.208815 -0.094305
0.287394 -0.433528 0.291838 -0.756055 1.436403 -0.364139 0.207981 -0.094926
0.286729 -0.434024 0.290761 -0.755902 1.437762 -0.364313 0.207149 -0.095548
0.286064 -0.434519 0.289682 -0.755751 1.439122 -0.364487 0.206318 -0.096169
0.285397 -0.435013 0.288602 -0.755600 1.440482 -0.364663 0.205489 -0.096790
0.284730 -0.435506 0.287521 -0.755450 1.441842 -0.364839 0.204661 -0.097411
0.284061 -0.435997 0.286438 -0.755301 1.443203 -0.365017 0.203835 -0.098031
0.283391 -0.436488 0.285353 -0.755153 1.444564 -0.365196 0.203011 -0.098652
0.282721 -0.436978 0.284267 -0.755005 1.445926 -0.365375 0.202188 -0.099272
0.282049 -0.437466 0.283179 -0.754859 1.447288 -0.365556 0.201367 -0.099892
0.281377 -0.437954 0.282089 -0.754713 1.448650 -0.365738 0.200548 -0.100511
0.280703 -0.438440 0.280998 -0.754569 1.450013 -0.365921 0.199730 -0.101131
0.280029 -0.438925 0.279905 -0.754425 1.451377 -0.366105 0.198914 -0.101750
0.279353 -0.439409 0.278811 -0.754282 1.452740 -0.366290 0.198100 -0.102369
0.278677 -0.439893 0.277715 -0.754140 1.454104 -0.366476 0.197287 -0.102987
0.277999 -0.440375 0.276618 -0.753999 1.455469 -0.366663 0.196476 -0.103606
0.277321 -0.440856 0.275519 -0.753859 1.456833 -0.366851 0.195667 -0.104224
0.276642 -0.441336 0.274418 -0.753720 1.458199 -0.367041 0.194859 -0.104842
0.275961 -0.441814 0.273316 -0.753582 1.459564 -0.367231 0.194053 -0.105459
0.275280 -0.442292 0.272212 -0.753444 1.460930 -0.367423 0.193249 -0.106077
0.274598 -0.442769 0.271107 -0.753308 1.462297 -0.367615 0.192447 -0.106694
0.273914 -0.443244 0.270000 -0.753173 1.463663 -0.367809 0.191646 -0.107311
0.273230 -0.443719 0.268891 -0.753038 1.465030 -0.368004 0.190846 -0.107928
0.272545 -0.444192 0.267781 -0.752905 1.466398 -0.368199 0.190049 -0.108544
0.271859 -0.444664 0.266669 -0.752772 1.467766 -0.368396 0.189253 -0.109161
0.271172 -0.445136 0.265555 -0.752641 1.469134 -0.368594 0.188459 -0.109777
0.270484 -0.445606 0.264440 -0.752510 1.470502 -0.368793 0.187666 -0.110393
0.269795 -0.446074 0.263323 -0.752381 1.471871 -0.368993 0.186876 -0.111008
0.269105 -0.446542 0.262205 -0.752252 1.473240 -0.369194 0.186087 -0.111624
0.268414 -0.447009 0.261084 -0.752125 1.474610 -0.369397 0.185299 -0.112239
0.267722 -0.447474 0.259963 -0.751998 1.475980 -0.369600 0.184514 -0.112854
0.267029 -0.447939 0.258839 -0.751873 1.477350 -0.369805 0.183730 -0.113468
0.266335 -0.448402 0.257714 -0.751749 1.478721 -0.370010 0.182948 -0.114083
0.265641 -0.448864 0.256588 -0.751625 1.480092 -0.370217 0.182167 -0.114697
0.264945 -0.449325 0.255460 -0.751503 1.481463 -0.370425 0.181389 -0.115311
0.264248 -0.449785 0.254330 -0.751381 1.482834 -0.370633 0.180612 -0.115925
0.263551 -0.450244 0.253198 -0.751261 1.484206 -0.370843 0.179837 -0.116539
0.262852 -0.450702 0.252065 -0.751142 1.485578 -0.371054 0.179063 -0.117152
0.262153 -0.451158 0.250930 -0.751024 1.486951 -0.371266 0.178292 -0.117765
0.261452 -0.451613 0.249793 -0.750906 1.488324 -0.371480 0.177522 -0.118378
0.260751 -0.452068 0.248655 -0.750790 1.489697 -0.371694 0.176754 -0.118991
0.260049 -0.452521 0.247515 -0.750675 1.491070 -0.371910 0.175987 -0.119603
0.259345 -0.452972 0.246374 -0.750561 1.492444 -0.372126 0.175223 -0.120216
0.258641 -0.453423 0.245231 -0.750448 1.493818 -0.372344 0.174460 -0.120828
0.257936 -0.453873 0.244086 -0.750337 1.495192 -0.372562 0.173699 -0.121439
0.257230 -0.454321 0.242939 -0.750226 1.496567 -0.372782 0.172940 -0.122051
0.256523 -0.454768 0.241791 -0.750116 1.497941 -0.373003 0.172182 -0.122662
0.255815 -0.455214 0.240641 -0.750008 1.499316 -0.373225 0.171427 -0.123274
0.255106 -0.455659 0.239490 -0.749901 1.500692 -0.373449 0.170673 -0.123884
0.254396 -0.456103 0.238336 -0.749794 1.502067 -0.373673 0.169921 -0.124495
0.253685 -0.456545 0.237181 -0.749689 1.503443 -0.373898 0.169171 -0.125106
0.252973 -0.456987 0.236025 -0.749585 1.504819 -0.374125 0.168422 -0.125716
0.252261 -0.457427 0.234866 -0.749482 1.506196 -0.374353 0.167676 -0.126326
0.251547 -0.457866 0.233706 -0.749381 1.507572 -0.374581 0.166931 -0.126936
0.250833 -0.458304 0.232545 -0.749280 1.508949 -0.374811 0.166188 -0.127546
0.250117 -0.458740 0.231381 -0.749181 1.510326 -0.375042 0.165447 -0.128155
0.249401 -0.459175 0.230216 -0.749083 1.511704 -0.375275 0.164707 -0.128765
0.248684 -0.459610 0.229050 -0.748985 1.513081 -0.375508 0.163970 -0.129374
0.247965 -0.460043 0.227881 -0.748890 1.514459 -0.375742 0.163234 -0.129983
0.247246 -0.460474 0.226711 -0.748795 1.515837 -0.375978 0.162501 -0.130591
0.246526 -0.460905 0.225539 -0.748701 1.517215 -0.376214 0.161769 -0.131200
0.245805 -0.461334 0.224365 -0.748609 1.518593 -0.376452 0.161039 -0.131808
0.245083 -0.461762 0.223190 -0.748518 1.519972 -0.376691 0.160311 -0.132416
0.244361 -0.462189 0.222013 -0.748428 1.521351 -0.376931 0.159584 -0.133024
0.243637 -0.462615 0.220834 -0.748339 1.522730 -0.377172 0.158860 -0.133632
0.242912 -0.463039 0.219654 -0.748251 1.524109 -0.377415 0.158137 -0.134239
0.242187 -0.463463 0.218472 -0.748165 1.525488 -0.377658 0.157417 -0.134847
0.241460 -0.463885 0.217288 -0.748080 1.526867 -0.377903 0.156698 -0.135454
0.240733 -0.464305 0.216102 -0.747996 1.528247 -0.378148 0.155981 -0.136061
0.240005 -0.464725 0.214915 -0.747913 1.529627 -0.378395 0.155266 -0.136668
0.239276 -0.465143 0.213726 -0.747832 1.531007 -0.378643 0.154553 -0.137274
0.238545 -0.465560 0.212535 -0.747751 1.532387 -0.378892 0.153842 -0.137881
0.237814 -0.465976 0.211343 -0.747672 1.533767 -0.379143 0.153133 -0.138487
0.237083 -0.466391 0.210148 -0.747595 1.535148 -0.379394 0.152425 -0.139093
0.236350 -0.466804 0.208952 -0.747518 1.536528 -0.379647 0.151720 -0.139699
0.235616 -0.467216 0.207755 -0.747443 1.537909 -0.379900 0.151017 -0.140304
0.234882 -0.467627 0.206555 -0.747369 1.539289 -0.380155 0.150315 -0.140910
0.234146 -0.468036 0.205354 -0.747297 1.540670 -0.380411 0.149616 -0.141515
0.233410 -0.468444 0.204151 -0.747225 1.542051 -0.380668 0.148918 -0.142120
0.232672 -0.468851 0.202946 -0.747155 1.543432 -0.380927 0.148222 -0.142725
0.231934 -0.469257 0.201740 -0.747086 1.544813 -0.381186 0.147529 -0.143330
0.231195 -0.469662 0.200532 -0.747019 1.546195 -0.381447 0.146837 -0.143935
0.230455 -0.470065 0.199322 -0.746953 1.547576 -0.381708 0.146147 -0.144539
0.229715 -0.470467 0.198110 -0.746888 1.548957 -0.381971 0.145459 -0.145144
0.228973 -0.470867 0.196896 -0.746824 1.550339 -0.382235 0.144774 -0.145748
0.228230 -0.471267 0.195681 -0.746762 1.551720 -0.382500 0.144090 -0.146352
0.227487 -0.471665 0.194464 -0.746701 1.553102 -0.382767 0.143408 -0.146956
0.226743 -0.472061 0.193245 -0.746641 1.554484 -0.383034 0.142728 -0.147559
0.225997 -0.472457 0.192025 -0.746583 1.555865 -0.383303 0.142051 -0.148163
0.225251 -0.472851 0.190803 -0.746526 1.557247 -0.383573 0.141375 -0.148766
0.224504 -0.473244 0.189579 -0.746471 1.558629 -0.383844 0.140701 -0.149370
0.223756 -0.473635 0.188353 -0.746417 1.560011 -0.384116 0.140029 -0.149973
0.223008 -0.474026 0.187125 -0.746364 1.561392 -0.384389 0.139360 -0.150576
0.222258 -0.474415 0.185896 -0.746312 1.562774 -0.384663 0.138692 -0.151179
0.221508 -0.474802 0.184665 -0.746262 1.564156 -0.384939 0.138026 -0.151781
0.220756 -0.475189 0.183432 -0.746213 1.565538 -0.385216 0.137363 -0.152384
0.220004 -0.475573 0.182197 -0.746166 1.566920 -0.385494 0.136701 -0.152986
0.219251 -0.475957 0.180960 -0.746120 1.568301 -0.385773 0.136042 -0.153589
0.218497 -0.476339 0.179722 -0.746075 1.569683 -0.386053 0.135384 -0.154191
0.217743 -0.476720 0.178482 -0.746032 1.571065 -0.386335 0.134729 -0.154793
0.216987 -0.477100 0.177240 -0.745991 1.572447 -0.386617 0.134076 -0.155395
0.216231 -0.477478 0.175996 -0.745950 1.573828 -0.386901 0.133425 -0.155996
0.215473 -0.477855 0.174751 -0.745911 1.575210 -0.387186 0.132776 -0.156598
0.214715 -0.478231 0.173504 -0.745874 1.576591 -0.387472 0.132129 -0.157200
0.213956 -0.478605 0.172255 -0.745838 1.577973 -0.387759 0.131484 -0.157801
0.213196 -0.478978 0.171004 -0.745803 1.579354 -0.388048 0.130841 -0.158402
0.212436 -0.479350 0.169751 -0.745770 1.580736 -0.388337 0.130200 -0.159004
0.211674 -0.479720 0.168497 -0.745738 1.582117 -0.388628 0.129562 -0.159605
0.210912 -0.480089 0.167240 -0.745707 1.583498 -0.388920 0.128925 -0.160206
0.210148 -0.480457 0.165982 -0.745678 1.584879 -0.389213 0.128291 -0.160807
0.209384 -0.480823 0.164722 -0.745651 1.586260 -0.389507 0.127659 -0.161407
0.208619 -0.481188 0.163461 -0.745625 1.587641 -0.389803 0.127029 -0.162008
0.207854 -0.481551 0.162197 -0.745600 1.589021 -0.390099 0.126401 -0.162609
0.207087 -0.481913 0.160932 -0.745577 1.590402 -0.390397 0.125776 -0.163209
0.206320 -0.482274 0.159665 -0.745556 1.591782 -0.390696 0.125152 -0.163810
0.205552 -0.482633 0.158396 -0.745536 1.593162 -0.390996 0.124531 -0.164410
0.204782 -0.482991 0.157125 -0.745517 1.594542 -0.391298 0.123912 -0.165010
0.204013 -0.483348 0.155852 -0.745500 1.595922 -0.391600 0.123295 -0.165610
0.203242 -0.483703 0.154578 -0.745484 1.597302 -0.391904 0.122680 -0.166210
0.202470 -0.484056 0.153302 -0.745470 1.598681 -0.392209 0.122068 -0.166810
0.201698 -0.484409 0.152024 -0.745457 1.600061 -0.392515 0.121457 -0.167410
0.200925 -0.484760 0.150744 -0.745446 1.601440 -0.392822 0.120849 -0.168010
0.200151 -0.485109 0.149462 -0.745437 1.602819 -0.393130 0.120243 -0.168610
0.199376 -0.485458 0.148178 -0.745429 1.604198 -0.393440 0.119640 -0.169210
0.198601 -0.485804 0.146893 -0.745422 1.605576 -0.393751 0.119038 -0.169809
0.197824 -0.486150 0.145606 -0.745417 1.606954 -0.394062 0.118439 -0.170409
0.197047 -0.486494 0.144317 -0.745413 1.608332 -0.394376 0.117842 -0.171009
0.196269 -0.486836 0.143026 -0.745412 1.609710 -0.394690 0.117248 -0.171608
0.195490 -0.487177 0.141733 -0.745411 1.611087 -0.395005 0.116655 -0.172208
0.194711 -0.487517 0.140438 -0.745412 1.612465 -0.395322 0.116065 -0.172807
0.193930 -0.487855 0.139142 -0.745415 1.613842 -0.395640 0.115477 -0.173406
0.193149 -0.488192 0.137844 -0.745419 1.615218 -0.395959 0.114892 -0.174006
0.192367 -0.488527 0.136544 -0.745425 1.616595 -0.396279 0.114309 -0.174605
0.191585 -0.488861 0.135242 -0.745432 1.617971 -0.396601 0.113728 -0.175204
0.190801 -0.489194 0.133938 -0.745441 1.619346 -0.396923 0.113149 -0.175804
0.190017 -0.489525 0.132632 -0.745452 1.620722 -0.397247 0.112573 -0.176403
0.189232 -0.489855 0.131325 -0.745464 1.622097 -0.397572 0.111999 -0.177002
0.188446 -0.490183 0.130015 -0.745478 1.623471 -0.397898 0.111427 -0.177601
0.187659 -0.490510 0.128704 -0.745493 1.624846 -0.398225 0.110858 -0.178200
0.186872 -0.490835 0.127391 -0.745510 1.626220 -0.398554 0.110291 -0.178800
0.186083 -0.491159 0.126076 -0.745528 1.627594 -0.398883 0.109726 -0.179399
0.185294 -0.491481 0.124759 -0.745548 1.628967 -0.399214 0.109164 -0.179998
0.184505 -0.491802 0.123440 -0.745570 1.630340 -0.399546 0.108604 -0.180597
0.183714 -0.492121 0.122120 -0.745593 1.631712 -0.399880 0.108046 -0.181196
0.182923 -0.492439 0.120797 -0.745618 1.633084 -0.400214 0.107491 -0.181795
0.182131 -0.492756 0.119473 -0.745645 1.634456 -0.400550 0.106939 -0.182395
0.181338 -0.493071 0.118147 -0.745673 1.635827 -0.400887 0.106388 -0.182994
0.180545 -0.493384 0.116819 -0.745703 1.637198 -0.401225 0.105840 -0.183593
0.179750 -0.493697 0.115489 -0.745735 1.638569 -0.401564 0.105295 -0.184192
0.178955 -0.494007 0.114157 -0.745768 1.639938 -0.401904 0.104752 -0.184791
0.178159 -0.494316 0.112823 -0.745802 1.641308 -0.402246 0.104211 -0.185391
0.177363 -0.494624 0.111488 -0.745839 1.642677 -0.402588 0.103673 -0.185990
0.176566 -0.494930 0.110151 -0.745877 1.644045 -0.402932 0.103137 -0.186589
0.175768 -0.495235 0.108811 -0.745917 1.645413 -0.403277 0.102603 -0.187189
0.174969 -0.495538 0.107470 -0.745958 1.646781 -0.403624 0.102072 -0.187788
0.174169 -0.495840 0.106127 -0.746001 1.648148 -0.403971 0.101544 -0.188387
0.173369 -0.496140 0.104782 -0.746046 1.649514 -0.404320 0.101018 -0.188987
0.172568 -0.496438 0.103435 -0.746092 1.650880 -0.404670 0.100495 -0.189587
0.171766 -0.496735 0.102087 -0.746140 1.652246 -0.405021 0.099974 -0.190186
0.170964 -0.497031 0.100736 -0.746190 1.653610 -0.405373 0.099455 -0.190786
0.170161 -0.497325 0.099384 -0.746242 1.654975 -0.405727 0.098939 -0.191386
0.169357 -0.497618 0.098029 -0.746295 1.656338 -0.406081 0.098426 -0.191985
0.168552 -0.497909 0.096673 -0.746350 1.657701 -0.406437 0.097915 -0.192585
0.167747 -0.498198 0.095315 -0.746406 1.659064 -0.406794 0.097406 -0.193185
0.166941 -0.498486 0.093955 -0.746465 1.660426 -0.407152 0.096900 -0.193785
0.166135 -0.498773 0.092593 -0.746525 1.661787 -0.407512 0.096397 -0.194385
0.165327 -0.499058 0.091229 -0.746586 1.663148 -0.407872 0.095896 -0.194986
0.164519 -0.499341 0.089863 -0.746650 1.664508 -0.408234 0.095398 -0.195586
0.163710 -0.499623 0.088496 -0.746715 1.665867 -0.408597 0.094902 -0.196186
0.162901 -0.499904 0.087126 -0.746782 1.667226 -0.408961 0.094409 -0.196787
0.162090 -0.500183 0.085755 -0.746850 1.668584 -0.409326 0.093919 -0.197388
0.161280 -0.500460 0.084382 -0.746921 1.669941 -0.409693 0.093431 -0.197988
0.160468 -0.500736 0.083006 -0.746993 1.671298 -0.410060 0.092946 -0.198589
0.159656 -0.501010 0.081629 -0.747066 1.672654 -0.410429 0.092463 -0.199190
0.158843 -0.501282 0.080250 -0.747142 1.674009 -0.410799 0.091983 -0.199791
0.158029 -0.501553 0.078869 -0.747219 1.675364 -0.411171 0.091505 -0.200392
0.157215 -0.501823 0.077486 -0.747298 1.676717 -0.411543 0.091030 -0.200994
0.156400 -0.502091 0.076102 -0.747379 1.678070 -0.411917 0.090558 -0.201595
0.155584 -0.502357 0.074715 -0.747462 1.679423 -0.412291 0.090089 -0.202197
0.154768 -0.502622 0.073326 -0.747546 1.680774 -0.412667 0.089622 -0.202799
0.153951 -0.502885 0.071936 -0.747632 1.682125 -0.413045 0.089158 -0.203401
0.153133 -0.503147 0.070544 -0.747720 1.683475 -0.413423 0.088696 -0.204003
0.152315 -0.503407 0.069149 -0.747810 1.684824 -0.413802 0.088237 -0.204605
0.151496 -0.503666 0.067753 -0.747901 1.686172 -0.414183 0.087781 -0.205207
0.150676 -0.503923 0.066355 -0.747994 1.687520 -0.414565 0.087328 -0.205810
0.149856 -0.504178 0.064955 -0.748089 1.688866 -0.414948 0.086877 -0.206413
0.149035 -0.504432 0.063553 -0.748186 1.690212 -0.415332 0.086429 -0.207016
0.148213 -0.504684 0.062149 -0.748285 1.691557 -0.415718 0.085984 -0.207619
0.147391 -0.504935 0.060743 -0.748385 1.692901 -0.416104 0.085541 -0.208222
0.146568 -0.505184 0.059336 -0.748487 1.694244 -0.416492 0.085101 -0.208825
0.145745 -0.505431 0.057926 -0.748591 1.695587 -0.416881 0.084664 -0.209429
0.144921 -0.505677 0.056515 -0.748697 1.696928 -0.417271 0.084230 -0.210033
0.144096 -0.505921 0.055101 -0.748804 1.698268 -0.417662 0.083799 -0.210637
0.143271 -0.506164 0.053686 -0.748914 1.699608 -0.418055 0.083370 -0.211241
0.142445 -0.506405 0.052269 -0.749025 1.700947 -0.418449 0.082944 -0.211846
0.141618 -0.506644 0.050849 -0.749138 1.702284 -0.418843 0.082521 -0.212451
0.140791 -0.506882 0.049428 -0.749253 1.703621 -0.419239 0.082100 -0.213056
0.139963 -0.507118 0.048005 -0.749369 1.704956 -0.419637 0.081683 -0.213661
0.139134 -0.507353 0.046580 -0.749488 1.706291 -0.420035 0.081268 -0.214266
0.138305 -0.507586 0.045153 -0.749608 1.707625 -0.420434 0.080856 -0.214872
0.137476 -0.507817 0.043725 -0.749730 1.708957 -0.420835 0.080447 -0.215478
0.136645 -0.508047 0.042294 -0.749854 1.710289 -0.421237 0.080041 -0.216084
0.135814 -0.508275 0.040861 -0.749980 1.711620 -0.421640 0.079638 -0.216690
0.134983 -0.508501 0.039427 -0.750108 1.712949 -0.422044 0.079237 -0.217297
0.134151 -0.508726 0.037990 -0.750237 1.714278 -0.422450 0.078840 -0.217904
0.133318 -0.508949 0.036552 -0.750368 1.715605 -0.422856 0.078445 -0.218511
0.132485 -0.509171 0.035111 -0.750501 1.716931 -0.423264 0.078053 -0.219118
0.131651 -0.509391 0.033669 -0.750636 1.718256 -0.423673 0.077664 -0.219726
0.130817 -0.509609 0.032225 -0.750773 1.719580 -0.424083 0.077278 -0.220334
0.129982 -0.509826 0.030779 -0.750912 1.720903 -0.424494 0.076895 -0.220943
0.129146 -0.510041 0.029331 -0.751052 1.722225 -0.424906 0.076515 -0.221551
0.128310 -0.510254 0.027881 -0.751195 1.723546 -0.425320 0.076138 -0.222160
0.127474 -0.510466 0.026429 -0.751339 1.724865 -0.425734 0.075763 -0.222769
0.126636 -0.510676 0.024975 -0.751485 1.726183 -0.426150 0.075392 -0.223379
0.125799 -0.510884 0.023519 -0.751633 1.727501 -0.426567 0.075023 -0.223989
0.124960 -0.511091 0.022061 -0.751783 1.728816 -0.426985 0.074658 -0.224599
0.124121 -0.511296 0.020602 -0.751935 1.730131 -0.427404 0.074296 -0.225209
0.123282 -0.511500 0.019140 -0.752089 1.731444 -0.427825 0.073936 -0.225820
0.122442 -0.511701 0.017677 -0.752244 1.732757 -0.428246 0.073580 -0.226431
0.121601 -0.511902 0.016211 -0.752401 1.734068 -0.428669 0.073226 -0.227043
0.120760 -0.512100 0.014744 -0.752561 1.735377 -0.429093 0.072876 -0.227654
0.119919 -0.512297 0.013275 -0.752722 1.736686 -0.429518 0.072528 -0.228266
0.119077 -0.512492 0.011803 -0.752885 1.737993 -0.429944 0.072184 -0.228879
0.118234 -0.512685 0.010330 -0.753050 1.739298 -0.430371 0.071843 -0.229492
0.117391 -0.512877 0.008855 -0.753217 1.740603 -0.430800 0.071504 -0.230105
0.116547 -0.513067 0.007378 -0.753385 1.741906 -0.431230 0.071169 -0.230719
0.115703 -0.513256 0.005899 -0.753556 1.743208 -0.431660 0.070837 -0.231333
0.114858 -0.513442 0.004418 -0.753728 1.744508 -0.432092 0.070508 -0.231947
0.114013 -0.513627 0.002935 -0.753903 1.745807 -0.432525 0.070182 -0.232562
0.113167 -0.513811 0.001451 -0.754079 1.747105 -0.432959 0.069859 -0.233177
0.112321 -0.513992 -0.000036 -0.754257 1.748401 -0.433394 0.069539 -0.233792
0.111474 -0.514172 -0.001524 -0.754437 1.749696 -0.433831 0.069222 -0.234408
0.110627 -0.514351 -0.003015 -0.754619 1.750989 -0.434268 0.068909 -0.235025
0.109779 -0.514527 -0.004507 -0.754803 1.752281 -0.434707 0.068598 -0.235642
0.108931 -0.514702 -0.006002 -0.754989 1.753571 -0.435147 0.068291 -0.236259
0.108083 -0.514875 -0.007498 -0.755176 1.754860 -0.435588 0.067987 -0.236876
0.107234 -0.515047 -0.008996 -0.755366 1.756148 -0.436030 0.067686 -0.237494
0.106384 -0.515216 -0.010496 -0.755557 1.757434 -0.436473 0.067388 -0.238113
0.105534 -0.515385 -0.011998 -0.755751 1.758718 -0.436917 0.067093 -0.238732
0.104683 -0.515551 -0.013502 -0.755946 1.760001 -0.437363 0.066802 -0.239351
0.103832 -0.515716 -0.015008 -0.756143 1.761282 -0.437809 0.066513 -0.239971
0.102981 -0.515879 -0.016516 -0.756343 1.762562 -0.438257 0.066228 -0.240591
0.102129 -0.516040 -0.018026 -0.756544 1.763840 -0.438706 0.065946 -0.241212
0.101277 -0.516199 -0.019538 -0.756747 1.765117 -0.439155 0.065668 -0.241833
0.100424 -0.516357 -0.021051 -0.756951 1.766392 -0.439606 0.065392 -0.242455
0.099571 -0.516513 -0.022567 -0.757158 1.767666 -0.440058 0.065120 -0.243077
0.098717 -0.516668 -0.024084 -0.757367 1.768937 -0.440512 0.064851 -0.243700
0.097863 -0.516820 -0.025604 -0.757578 1.770208 -0.440966 0.064585 -0.244323
0.097008 -0.516971 -0.027125 -0.757790 1.771476 -0.441421 0.064323 -0.244946
0.096153 -0.517120 -0.028648 -0.758005 1.772743 -0.441878 0.064063 -0.245570
0.095298 -0.517268 -0.030173 -0.758221 1.774008 -0.442335 0.063807 -0.246195
0.094442 -0.517414 -0.031700 -0.758440 1.775272 -0.442794 0.063555 -0.246820
0.093586 -0.517558 -0.033229 -0.758660 1.776533 -0.443254 0.063305 -0.247446
0.092729 -0.517700 -0.034760 -0.758882 1.777794 -0.443714 0.063059 -0.248072
0.091872 -0.517840 -0.036293 -0.759106 1.779052 -0.444176 0.062817 -0.248699
0.091015 -0.517979 -0.037827 -0.759332 1.780308 -0.444639 0.062577 -0.249326
0.090157 -0.518116 -0.039364 -0.759560 1.781563 -0.445103 0.062341 -0.249954
0.089298 -0.518252 -0.040903 -0.759790 1.782816 -0.445569 0.062108 -0.250582
0.088440 -0.518385 -0.042443 -0.760022 1.784067 -0.446035 0.061879 -0.251211
0.087581 -0.518517 -0.043985 -0.760256 1.785317 -0.446502 0.061653 -0.251840
0.086721 -0.518647 -0.045530 -0.760492 1.786564 -0.446971 0.061430 -0.252470
0.085862 -0.518776 -0.047076 -0.760729 1.787810 -0.447440 0.061211 -0.253101
0.085001 -0.518902 -0.048624 -0.760969 1.789054 -0.447911 0.060995 -0.253732
0.084141 -0.519027 -0.050174 -0.761210 1.790296 -0.448382 0.060783 -0.254364
0.083280 -0.519150 -0.051725 -0.761454 1.791536 -0.448855 0.060573 -0.254996
0.082419 -0.519271 -0.053279 -0.761699 1.792774 -0.449329 0.060368 -0.255629
0.081557 -0.519391 -0.054835 -0.761947 1.794010 -0.449803 0.060165 -0.256263
0.080695 -0.519509 -0.056392 -0.762196 1.795245 -0.450279 0.059966 -0.256897
0.079833 -0.519625 -0.057952 -0.762447 1.796477 -0.450756 0.059771 -0.257532
0.078970 -0.519739 -0.059513 -0.762700 1.797708 -0.451234 0.059579 -0.258167
0.078107 -0.519852 -0.061076 -0.762955 1.798936 -0.451713 0.059390 -0.258803
0.077244 -0.519963 -0.062641 -0.763212 1.800163 -0.452193 0.059205 -0.259439
0.076380 -0.520072 -0.064208 -0.763471 1.801387 -0.452674 0.059024 -0.260077
0.075516 -0.520179 -0.065777 -0.763732 1.802609 -0.453156 0.058846 -0.260715
0.074652 -0.520284 -0.067348 -0.763995 1.803830 -0.453639 0.058671 -0.261353
0.073787 -0.520388 -0.068921 -0.764260 1.805048 -0.454124 0.058500 -0.261992
0.072922 -0.520490 -0.070495 -0.764526 1.806265 -0.454609 0.058332 -0.262632
0.072057 -0.520590 -0.072072 -0.764795 1.807479 -0.455095 0.058168 -0.263272
0.071192 -0.520689 -0.073650 -0.765066 1.808691 -0.455582 0.058007 -0.263914
0.070326 -0.520785 -0.075230 -0.765338 1.809901 -0.456071 0.057850 -0.264555
0.069460 -0.520880 -0.076812 -0.765613 1.811109 -0.456560 0.057696 -0.265198
0.068593 -0.520973 -0.078396 -0.765889 1.812315 -0.457050 0.057546 -0.265841
0.067727 -0.521064 -0.079982 -0.766167 1.813518 -0.457542 0.057400 -0.266485
0.066860 -0.521154 -0.081569 -0.766448 1.814720 -0.458034 0.057257 -0.267129
0.065992 -0.521242 -0.083159 -0.766730 1.815919 -0.458527 0.057117 -0.267775
0.065125 -0.521327 -0.084750 -0.767014 1.817116 -0.459022 0.056982 -0.268421
0.064257 -0.521412 -0.086343 -0.767300 1.818311 -0.459517 0.056849 -0.269067
0.063389 -0.521494 -0.087938 -0.767588 1.819503 -0.460013 0.056721 -0.269715
0.062520 -0.521574 -0.089535 -0.767878 1.820693 -0.460511 0.056596 -0.270363
0.061652 -0.521653 -0.091134 -0.768170 1.821882 -0.461009 0.056474 -0.271012
0.060783 -0.521730 -0.092735 -0.768463 1.823067 -0.461508 0.056356 -0.271661
0.059914 -0.521805 -0.094337 -0.768759 1.824251 -0.462008 0.056242 -0.272312
0.059044 -0.521879 -0.095942 -0.769057 1.825432 -0.462510 0.056132 -0.272963
0.058175 -0.521950 -0.097548 -0.769356 1.826611 -0.463012 0.056025 -0.273615
0.057305 -0.522020 -0.099156 -0.769658 1.827788 -0.463515 0.055921 -0.274267
0.056435 -0.522088 -0.100765 -0.769961 1.828962 -0.464019 0.055822 -0.274921
0.055565 -0.522154 -0.102377 -0.770266 1.830133 -0.464524 0.055726 -0.275575
0.054694 -0.522219 -0.103991 -0.770574 1.831303 -0.465030 0.055633 -0.276230
0.053824 -0.522281 -0.105606 -0.770883 1.832470 -0.465537 0.055545 -0.276885
0.052953 -0.522342 -0.107223 -0.771194 1.833634 -0.466045 0.055460 -0.277542
0.052081 -0.522401 -0.108842 -0.771507 1.834797 -0.466554 0.055378 -0.278199
0.051210 -0.522458 -0.110463 -0.771822 1.835956 -0.467064 0.055301 -0.278857
0.050339 -0.522514 -0.112085 -0.772139 1.837114 -0.467575 0.055227 -0.279516
0.049467 -0.522567 -0.113710 -0.772457 1.838269 -0.468087 0.055157 -0.280176
0.048595 -0.522619 -0.115336 -0.772778 1.839421 -0.468599 0.055090 -0.280836
0.047723 -0.522669 -0.116964 -0.773101 1.840571 -0.469113 0.055027 -0.281498
0.046851 -0.522717 -0.118594 -0.773425 1.841718 -0.469628 0.054968 -0.282160
0.045978 -0.522763 -0.120225 -0.773752 1.842862 -0.470143 0.054913 -0.282823
0.045106 -0.522808 -0.121859 -0.774080 1.844005 -0.470659 0.054861 -0.283487
0.044233 -0.522850 -0.123494 -0.774410 1.845144 -0.471177 0.054814 -0.284151
0.043360 -0.522891 -0.125131 -0.774742 1.846281 -0.471695 0.054770 -0.284817
0.042487 -0.522930 -0.126770 -0.775076 1.847416 -0.472214 0.054729 -0.285483
0.041614 -0.522967 -0.128410 -0.775412 1.848547 -0.472734 0.054693 -0.286151
0.040740 -0.523003 -0.130053 -0.775750 1.849677 -0.473255 0.054660 -0.286819
0.039867 -0.523036 -0.131697 -0.776090 1.850803 -0.473777 0.054631 -0.287488
0.038993 -0.523068 -0.133343 -0.776432 1.851927 -0.474299 0.054606 -0.288158
0.038119 -0.523098 -0.134990 -0.776775 1.853048 -0.474823 0.054585 -0.288828
0.037246 -0.523126 -0.136640 -0.777121 1.854167 -0.475347 0.054567 -0.289500
0.036372 -0.523152 -0.138291 -0.777468 1.855282 -0.475873 0.054553 -0.290173
0.035497 -0.523176 -0.139944 -0.777817 1.856395 -0.476399 0.054543 -0.290846
0.034623 -0.523199 -0.141598 -0.778168 1.857506 -0.476926 0.054537 -0.291521
0.033749 -0.523220 -0.143255 -0.778521 1.858613 -0.477454 0.054535 -0.292196
0.032874 -0.523238 -0.144913 -0.778876 1.859718 -0.477982 0.054537 -0.292872
0.032000 -0.523256 -0.146573 -0.779233 1.860820 -0.478512 0.054542 -0.293549
0.031125 -0.523271 -0.148234 -0.779592 1.861919 -0.479042 0.054551 -0.294227
0.030251 -0.523284 -0.149897 -0.779952 1.863015 -0.479574 0.054565 -0.294906
0.029376 -0.523296 -0.151562 -0.780315 1.864109 -0.480106 0.054582 -0.295586
0.028501 -0.523305 -0.153229 -0.780679 1.865199 -0.480639 0.054602 -0.296267
0.027626 -0.523313 -0.154898 -0.781045 1.866287 -0.481172 0.054627 -0.296949
0.026751 -0.523319 -0.156568 -0.781413 1.867372 -0.481707 0.054656 -0.297632
0.025876 -0.523324 -0.158240 -0.781783 1.868454 -0.482242 0.054688 -0.298316
0.025001 -0.523326 -0.159913 -0.782155 1.869533 -0.482779 0.054725 -0.299000
0.024126 -0.523326 -0.161588 -0.782529 1.870609 -0.483316 0.054765 -0.299686
0.023250 -0.523325 -0.163265 -0.782904 1.871682 -0.483853 0.054809 -0.300373
0.022375 -0.523322 -0.164944 -0.783281 1.872752 -0.484392 0.054857 -0.301061
0.021500 -0.523317 -0.166624 -0.783661 1.873820 -0.484931 0.054909 -0.301749
0.020625 -0.523310 -0.168306 -0.784042 1.874884 -0.485471 0.054965 -0.302439
0.019749 -0.523301 -0.169990 -0.784425 1.875945 -0.486012 0.055025 -0.303130
0.018874 -0.523291 -0.171675 -0.784809 1.877003 -0.486554 0.055089 -0.303822
0.017999 -0.523278 -0.173362 -0.785196 1.878058 -0.487097 0.055156 -0.304514
0.017123 -0.523264 -0.175051 -0.785584 1.879110 -0.487640 0.055228 -0.305208
0.016248 -0.523248 -0.176741 -0.785975 1.880159 -0.488184 0.055304 -0.305903
0.015372 -0.523230 -0.178433 -0.786367 1.881205 -0.488729 0.055383 -0.306599
0.014497 -0.523210 -0.180126 -0.786761 1.882248 -0.489274 0.055467 -0.307296
0.013622 -0.523188 -0.181821 -0.787157 1.883288 -0.489820 0.055554 -0.307993
0.012746 -0.523165 -0.183518 -0.787554 1.884325 -0.490367 0.055645 -0.308692
0.011871 -0.523139 -0.185216 -0.787954 1.885358 -0.490915 0.055741 -0.309392
0.010996 -0.523112 -0.186916 -0.788355 1.886388 -0.491463 0.055840 -0.310094
0.010120 -0.523083 -0.188618 -0.788758 1.887415 -0.492013 0.055943 -0.310796
0.009245 -0.523052 -0.190321 -0.789163 1.888439 -0.492562 0.056051 -0.311499
0.008370 -0.523019 -0.192026 -0.789569 1.889460 -0.493113 0.056162 -0.312203
0.007495 -0.522984 -0.193732 -0.789978 1.890477 -0.493664 0.056277 -0.312909
0.006620 -0.522948 -0.195440 -0.790388 1.891491 -0.494216 0.056396 -0.313615
0.005745 -0.522909 -0.197150 -0.790800 1.892502 -0.494769 0.056519 -0.314323
0.004870 -0.522869 -0.198861 -0.791214 1.893510 -0.495322 0.056647 -0.315031
0.003995 -0.522827 -0.200573 -0.791630 1.894514 -0.495876 0.056778 -0.315741
0.003120 -0.522783 -0.202287 -0.792047 1.895515 -0.496431 0.056913 -0.316452
0.002245 -0.522737 -0.204003 -0.792467 1.896513 -0.496986 0.057052 -0.317164
0.001371 -0.522689 -0.205720 -0.792888 1.897507 -0.497542 0.057195 -0.317877
0.000496 -0.522640 -0.207439 -0.793311 1.898498 -0.498099 0.057343 -0.318591
-0.000379 -0.522588 -0.209159 -0.793735 1.899486 -0.498656 0.057494 -0.319306
-0.001253 -0.522535 -0.210881 -0.794162 1.900470 -0.499214 0.057649 -0.320023
-0.002127 -0.522480 -0.212604 -0.794590 1.901451 -0.499773 0.057809 -0.320740
-0.003001 -0.522423 -0.214329 -0.795020 1.902429 -0.500332 0.057972 -0.321459
-0.003875 -0.522364 -0.216055 -0.795451 1.903403 -0.500892 0.058139 -0.322179
-0.004749 -0.522303 -0.217783 -0.795885 1.904373 -0.501452 0.058311 -0.322900
-0.005623 -0.522240 -0.219513 -0.796320 1.905340 -0.502013 0.058486 -0.323622
-0.006497 -0.522176 -0.221243 -0.796757 1.906304 -0.502575 0.058665 -0.324346
-0.007370 -0.522109 -0.222975 -0.797196 1.907264 -0.503137 0.058849 -0.325070
-0.008244 -0.522041 -0.224709 -0.797636 1.908221 -0.503700 0.059036 -0.325796
-0.009117 -0.521971 -0.226444 -0.798078 1.909174 -0.504263 0.059228 -0.326523
-0.009990 -0.521899 -0.228181 -0.798522 1.910124 -0.504827 0.059424 -0.327251
-0.010863 -0.521825 -0.229919 -0.798968 1.911070 -0.505392 0.059623 -0.327980
-0.011736 -0.521749 -0.231658 -0.799415 1.912012 -0.505957 0.059827 -0.328711
-0.012609 -0.521671 -0.233399 -0.799864 1.912951 -0.506522 0.060035 -0.329442
-0.013481 -0.521592 -0.235141 -0.800315 1.913886 -0.507089 0.060247 -0.330175
-0.014353 -0.521510 -0.236885 -0.800767 1.914818 -0.507655 0.060462 -0.330909
-0.015226 -0.521427 -0.238630 -0.801222 1.915746 -0.508223 0.060682 -0.331645
-0.016097 -0.521342 -0.240376 -0.801678 1.916671 -0.508790 0.060906 -0.332381
-0.016969 -0.521255 -0.242124 -0.802135 1.917591 -0.509359 0.061134 -0.333119
-0.017841 -0.521166 -0.243873 -0.802594 1.918508 -0.509928 0.061366 -0.333858
-0.018712 -0.521075 -0.245624 -0.803055 1.919422 -0.510497 0.061603 -0.334598
-0.019583 -0.520983 -0.247376 -0.803518 1.920331 -0.511067 0.061843 -0.335340
-0.020454 -0.520888 -0.249129 -0.803982 1.921237 -0.511637 0.062087 -0.336082
-0.021325 -0.520792 -0.250884 -0.804448 1.922140 -0.512208 0.062335 -0.336826
-0.022195 -0.520693 -0.252639 -0.804916 1.923038 -0.512779 0.062588 -0.337571
-0.023065 -0.520593 -0.254397 -0.805386 1.923933 -0.513351 0.062844 -0.338318
-0.023935 -0.520491 -0.256155 -0.805857 1.924824 -0.513923 0.063105 -0.339065
-0.024805 -0.520387 -0.257915 -0.806329 1.925711 -0.514496 0.063369 -0.339814
-0.025675 -0.520281 -0.259676 -0.806804 1.926595 -0.515069 0.063638 -0.340565
-0.026544 -0.520174 -0.261438 -0.807279 1.927474 -0.515643 0.063911 -0.341316
-0.027413 -0.520064 -0.263202 -0.807757 1.928350 -0.516217 0.064187 -0.342069
-0.028282 -0.519953 -0.264967 -0.808236 1.929222 -0.516791 0.064468 -0.342823
-0.029150 -0.519840 -0.266733 -0.808717 1.930090 -0.517366 0.064753 -0.343578
-0.030018 -0.519724 -0.268500 -0.809200 1.930954 -0.517941 0.065042 -0.344335
-0.030886 -0.519607 -0.270269 -0.809684 1.931814 -0.518517 0.065335 -0.345093
-0.031754 -0.519488 -0.272039 -0.810169 1.932671 -0.519093 0.065632 -0.345852
-0.032621 -0.519368 -0.273810 -0.810657 1.933523 -0.519669 0.065933 -0.346613
-0.033488 -0.519245 -0.275582 -0.811146 1.934372 -0.520246 0.066238 -0.347374
-0.034355 -0.519120 -0.277356 -0.811636 1.935216 -0.520823 0.066548 -0.348138
-0.035221 -0.518994 -0.279130 -0.812128 1.936057 -0.521401 0.066861 -0.348902
-0.036088 -0.518866 -0.280906 -0.812622 1.936893 -0.521979 0.067178 -0.349668
-0.036953 -0.518736 -0.282683 -0.813117 1.937726 -0.522557 0.067500 -0.350435
-0.037819 -0.518604 -0.284461 -0.813614 1.938555 -0.523136 0.067825 -0.351203
-0.038684 -0.518470 -0.286240 -0.814112 1.939379 -0.523715 0.068155 -0.351973
-0.039549 -0.518334 -0.288021 -0.814612 1.940200 -0.524294 0.068488 -0.352744
-0.040414 -0.518196 -0.289802 -0.815114 1.941016 -0.524874 0.068826 -0.353517
-0.041278 -0.518057 -0.291585 -0.815617 1.941829 -0.525454 0.069168 -0.354291
-0.042142 -0.517915 -0.293369 -0.816122 1.942637 -0.526034 0.069513 -0.355066
-0.043005 -0.517772 -0.295154 -0.816628 1.943442 -0.526614 0.069863 -0.355842
-0.043868 -0.517627 -0.296939 -0.817136 1.944242 -0.527195 0.070217 -0.356620
-0.044731 -0.517480 -0.298726 -0.817645 1.945038 -0.527776 0.070575 -0.357399
-0.045593 -0.517331 -0.300514 -0.818155 1.945830 -0.528358 0.070936 -0.358180
-0.046455 -0.517180 -0.302304 -0.818668 1.946618 -0.528939 0.071302 -0.358962
-0.047317 -0.517028 -0.304094 -0.819181 1.947402 -0.529521 0.071672 -0.359745
-0.048178 -0.516873 -0.305885 -0.819697 1.948181 -0.530103 0.072046 -0.360530
-0.049039 -0.516717 -0.307677 -0.820213 1.948957 -0.530686 0.072424 -0.361316
-0.049900 -0.516559 -0.309470 -0.820732 1.949728 -0.531268 0.072806 -0.362103
-0.050760 -0.516399 -0.311264 -0.821251 1.950495 -0.531851 0.073192 -0.362892
-0.051619 -0.516237 -0.313059 -0.821773 1.951258 -0.532434 0.073582 -0.363682
-0.052479 -0.516073 -0.314856 -0.822295 1.952016 -0.533017 0.073976 -0.364474
-0.053337 -0.515907 -0.316653 -0.822819 1.952771 -0.533601 0.074374 -0.365267
-0.054196 -0.515740 -0.318451 -0.823345 1.953521 -0.534184 0.074776 -0.366061
-0.055054 -0.515570 -0.320249 -0.823872 1.954267 -0.534768 0.075182 -0.366857
-0.055912 -0.515399 -0.322049 -0.824400 1.955008 -0.535352 0.075592 -0.367654
-0.056769 -0.515226 -0.323850 -0.824930 1.955746 -0.535936 0.076006 -0.368453
-0.057625 -0.515051 -0.325652 -0.825462 1.956479 -0.536520 0.076424 -0.369253
-0.058482 -0.514874 -0.327454 -0.825994 1.957207 -0.537105 0.076845 -0.370055
-0.059338 -0.514696 -0.329258 -0.826528 1.957932 -0.537690 0.077271 -0.370857
-0.060193 -0.514515 -0.331062 -0.827064 1.958652 -0.538274 0.077701 -0.371662
-0.061048 -0.514333 -0.332867 -0.827601 1.959367 -0.538859 0.078135 -0.372468
-0.061902 -0.514149 -0.334673 -0.828139 1.960078 -0.539444 0.078573 -0.373275
-0.062756 -0.513963 -0.336480 -0.828679 1.960785 -0.540029 0.079014 -0.374083
-0.063610 -0.513775 -0.338288 -0.829220 1.961488 -0.540614 0.079460 -0.374893
-0.064463 -0.513585 -0.340096 -0.829762 1.962186 -0.541200 0.079910 -0.375705
-0.065315 -0.513394 -0.341905 -0.830306 1.962880 -0.541785 0.080363 -0.376518
-0.066168 -0.513200 -0.343715 -0.830851 1.963569 -0.542370 0.080821 -0.377332
-0.067019 -0.513005 -0.345526 -0.831398 1.964254 -0.542956 0.081282 -0.378148
-0.067870 -0.512808 -0.347338 -0.831946 1.964934 -0.543541 0.081747 -0.378965
-0.068721 -0.512609 -0.349150 -0.832495 1.965610 -0.544127 0.082216 -0.379784
-0.069571 -0.512408 -0.350963 -0.833045 1.966282 -0.544712 0.082690 -0.380604
-0.070420 -0.512206 -0.352777 -0.833597 1.966949 -0.545298 0.083167 -0.381425
-0.071269 -0.512001 -0.354591 -0.834150 1.967612 -0.545884 0.083647 -0.382248
-0.072118 -0.511795 -0.356406 -0.834705 1.968270 -0.546469 0.084132 -0.383073
-0.072966 -0.511587 -0.358222 -0.835261 1.968923 -0.547055 0.084621 -0.383899
-0.073813 -0.511377 -0.360038 -0.835817 1.969572 -0.547641 0.085113 -0.384726
-0.074660 -0.511165 -0.361856 -0.836376 1.970217 -0.548226 0.085610 -0.385555
-0.075507 -0.510952 -0.363673 -0.836935 1.970857 -0.548812 0.086110 -0.386386
-0.076353 -0.510736 -0.365492 -0.837496 1.971492 -0.549397 0.086614 -0.387218
-0.077198 -0.510519 -0.367311 -0.838058 1.972123 -0.549983 0.087122 -0.388051
-0.078043 -0.510300 -0.369130 -0.838621 1.972749 -0.550568 0.087634 -0.388886
-0.078887 -0.510079 -0.370950 -0.839186 1.973371 -0.551154 0.088149 -0.389722
-0.079730 -0.509857 -0.372771 -0.839752 1.973988 -0.551739 0.088669 -0.390560
-0.080574 -0.509632 -0.374592 -0.840319 1.974601 -0.552324 0.089192 -0.391399
-0.081416 -0.509406 -0.376414 -0.840887 1.975209 -0.552910 0.089719 -0.392240
-0.082258 -0.509178 -0.378237 -0.841456 1.975812 -0.553495 0.090250 -0.393082
-0.083099 -0.508948 -0.380060 -0.842027 1.976411 -0.554080 0.090785 -0.393926
-0.083940 -0.508717 -0.381883 -0.842598 1.977005 -0.554665 0.091323 -0.394771
-0.084780 -0.508483 -0.383707 -0.843171 1.977594 -0.555249 0.091865 -0.395618
-0.085620 -0.508248 -0.385531 -0.843745 1.978179 -0.555834 0.092411 -0.396466
-0.086459 -0.508011 -0.387356 -0.844321 1.978759 -0.556419 0.092961 -0.397316
-0.087297 -0.507772 -0.389181 -0.844897 1.979334 -0.557003 0.093514 -0.398167
-0.088135 -0.507532 -0.391007 -0.845474 1.979905 -0.557587 0.094071 -0.399019
-0.088972 -0.507289 -0.392833 -0.846053 1.980471 -0.558171 0.094632 -0.399874
-0.089808 -0.507045 -0.394660 -0.846633 1.981032 -0.558755 0.095197 -0.400729
-0.090644 -0.506799 -0.396487 -0.847214 1.981589 -0.559339 0.095765 -0.401586
-0.091480 -0.506552 -0.398314 -0.847796 1.982141 -0.559922 0.096337 -0.402445
-0.092314 -0.506302 -0.400142 -0.848379 1.982688 -0.560506 0.096913 -0.403305
-0.093148 -0.506051 -0.401970 -0.848963 1.983230 -0.561089 0.097493 -0.404167
-0.093982 -0.505798 -0.403799 -0.849548 1.983768 -0.561671 0.098076 -0.405030
-0.094814 -0.505543 -0.405628 -0.850134 1.984301 -0.562254 0.098662 -0.405895
-0.095646 -0.505287 -0.407457 -0.850722 1.984829 -0.562837 0.099253 -0.406761
-0.096478 -0.505029 -0.409286 -0.851310 1.985353 -0.563419 0.099847 -0.407629
-0.097309 -0.504769 -0.411116 -0.851899 1.985871 -0.564001 0.100444 -0.408498
-0.098139 -0.504507 -0.412946 -0.852490 1.986385 -0.564582 0.101046 -0.409369
-0.098968 -0.504244 -0.414776 -0.853081 1.986894 -0.565164 0.101651 -0.410241
-0.099797 -0.503978 -0.416607 -0.853674 1.987399 -0.565745 0.102259 -0.411115
-0.100625 -0.503712 -0.418437 -0.854267 1.987898 -0.566326 0.102871 -0.411991
-0.101452 -0.503443 -0.420268 -0.854861 1.988393 -0.566906 0.103487 -0.412868
-0.102279 -0.503172 -0.422100 -0.855457 1.988883 -0.567486 0.104106 -0.413746
-0.103105 -0.502900 -0.423931 -0.856053 1.989368 -0.568066 0.104729 -0.414626
-0.103931 -0.502627 -0.425762 -0.856650 1.989848 -0.568646 0.105355 -0.415507
-0.104755 -0.502351 -0.427594 -0.857249 1.990323 -0.569225 0.105985 -0.416390
-0.105579 -0.502074 -0.429426 -0.857848 1.990794 -0.569804 0.106619 -0.417275
-0.106403 -0.501795 -0.431258 -0.858448 1.991260 -0.570383 0.107256 -0.418161
-0.107225 -0.501514 -0.433090 -0.859049 1.991720 -0.570961 0.107896 -0.419048
-0.108047 -0.501232 -0.434922 -0.859651 1.992176 -0.571539 0.108540 -0.419937
-0.108869 -0.500948 -0.436755 -0.860254 1.992628 -0.572116 0.109187 -0.420828
-0.109689 -0.500662 -0.438587 -0.860857 1.993074 -0.572693 0.109838 -0.421720
-0.110509 -0.500375 -0.440420 -0.861462 1.993515 -0.573270 0.110493 -0.422614
-0.111328 -0.500085 -0.442252 -0.862067 1.993951 -0.573846 0.111150 -0.423509
-0.112146 -0.499795 -0.444085 -0.862674 1.994383 -0.574422 0.111812 -0.424405
-0.112964 -0.499502 -0.445917 -0.863281 1.994810 -0.574998 0.112476 -0.425304
-0.113781 -0.499208 -0.447750 -0.863889 1.995232 -0.575573 0.113144 -0.426203
-0.114597 -0.498912 -0.449583 -0.864498 1.995648 -0.576147 0.113816 -0.427104
-0.115412 -0.498615 -0.451415 -0.865107 1.996060 -0.576722 0.114491 -0.428007
-0.116227 -0.498316 -0.453248 -0.865717 1.996467 -0.577295 0.115169 -0.428912
-0.117041 -0.498015 -0.455080 -0.866329 1.996869 -0.577869 0.115850 -0.429817
-0.117854 -0.497713 -0.456913 -0.866941 1.997267 -0.578441 0.116535 -0.430725
-0.118667 -0.497409 -0.458745 -0.867553 1.997659 -0.579014 0.117224 -0.431634
-0.119479 -0.497103 -0.460577 -0.868167 1.998046 -0.579586 0.117915 -0.432544
-0.120289 -0.496796 -0.462410 -0.868781 1.998428 -0.580157 0.118610 -0.433456
-0.121100 -0.496487 -0.464242 -0.869396 1.998806 -0.580728 0.119308 -0.434369
-0.121909 -0.496176 -0.466074 -0.870011 1.999178 -0.581298 0.120010 -0.435284
-0.122717 -0.495864 -0.467904 -0.870627 1.999546 -0.581868 0.120714 -0.436200
-0.123524 -0.495551 -0.469733 -0.871243 1.999908 -0.582436 0.121421 -0.437117
-0.124329 -0.495236 -0.471560 -0.871859 2.000264 -0.583003 0.122131 -0.438034
-0.125132 -0.494921 -0.473383 -0.872475 2.000615 -0.583569 0.122842 -0.438951
-0.125932 -0.494604 -0.475201 -0.873090 2.000961 -0.584133 0.123555 -0.439867
-0.126729 -0.494287 -0.477015 -0.873704 2.001300 -0.584694 0.124269 -0.440782
-0.127523 -0.493970 -0.478822 -0.874316 2.001634 -0.585254 0.124984 -0.441696
-0.128313 -0.493652 -0.480623 -0.874927 2.001961 -0.585811 0.125699 -0.442608
-0.129099 -0.493333 -0.482416 -0.875536 2.002283 -0.586364 0.126414 -0.443518
-0.129881 -0.493015 -0.484201 -0.876143 2.002598 -0.586915 0.127130 -0.444425
-0.130658 -0.492697 -0.485976 -0.876747 2.002907 -0.587463 0.127844 -0.445328
-0.131430 -0.492379 -0.487741 -0.877348 2.003209 -0.588007 0.128558 -0.446229
-0.132197 -0.492062 -0.489495 -0.877946 2.003505 -0.588547 0.129270 -0.447125
-0.132958 -0.491745 -0.491237 -0.878541 2.003795 -0.589082 0.129980 -0.448016
-0.133713 -0.491429 -0.492967 -0.879132 2.004078 -0.589614 0.130688 -0.448903
-0.134461 -0.491115 -0.494683 -0.879719 2.004354 -0.590141 0.131394 -0.449784
-0.135203 -0.490801 -0.496385 -0.880302 2.004624 -0.590663 0.132096 -0.450659
-0.135937 -0.490489 -0.498072 -0.880880 2.004887 -0.591180 0.132795 -0.451529
-0.136664 -0.490178 -0.499742 -0.881453 2.005143 -0.591691 0.133490 -0.452391
-0.137383 -0.489870 -0.501396 -0.882021 2.005393 -0.592197 0.134180 -0.453246
-0.138094 -0.489563 -0.503033 -0.882584 2.005636 -0.592697 0.134866 -0.454093
-0.138796 -0.489258 -0.504651 -0.883140 2.005872 -0.593192 0.135547 -0.454932
-0.139490 -0.488956 -0.506249 -0.883691 2.006102 -0.593679 0.136222 -0.455763
-0.140174 -0.488657 -0.507828 -0.884235 2.006325 -0.594161 0.136891 -0.456584
-0.140849 -0.488360 -0.509386 -0.884772 2.006542 -0.594635 0.137553 -0.457396
-0.141514 -0.488066 -0.510922 -0.885302 2.006752 -0.595102 0.138209 -0.458198
-0.142169 -0.487776 -0.512436 -0.885825 2.006955 -0.595563 0.138857 -0.458989
-0.142813 -0.487489 -0.513926 -0.886340 2.007152 -0.596015 0.139497 -0.459769
-0.143447 -0.487205 -0.515392 -0.886847 2.007343 -0.596460 0.140129 -0.460538
-0.144069 -0.486926 -0.516834 -0.887346 2.007527 -0.596898 0.140752 -0.461295
-0.144680 -0.486650 -0.518249 -0.887837 2.007705 -0.597326 0.141366 -0.462039
-0.145279 -0.486379 -0.519638 -0.888318 2.007876 -0.597747 0.141970 -0.462771
-0.145866 -0.486112 -0.521000 -0.888790 2.008042 -0.598159 0.142564 -0.463489
-0.146441 -0.485849 -0.522334 -0.889253 2.008201 -0.598562 0.143148 -0.464193
-0.147003 -0.485592 -0.523640 -0.889707 2.008354 -0.598957 0.143722 -0.464884
-0.147554 -0.485339 -0.524919 -0.890152 2.008502 -0.599343 0.144285 -0.465561
-0.148092 -0.485090 -0.526170 -0.890587 2.008644 -0.599720 0.144837 -0.466225
-0.148618 -0.484847 -0.527394 -0.891012 2.008781 -0.600089 0.145378 -0.466874
-0.149132 -0.484608 -0.528590 -0.891429 2.008912 -0.600449 0.145909 -0.467510
-0.149634 -0.484374 -0.529759 -0.891836 2.009039 -0.600801 0.146428 -0.468132
-0.150123 -0.484145 -0.530900 -0.892233 2.009160 -0.601144 0.146937 -0.468740
-0.150601 -0.483921 -0.532013 -0.892621 2.009276 -0.601478 0.147435 -0.469334
-0.151067 -0.483702 -0.533099 -0.893000 2.009388 -0.601804 0.147921 -0.469914
-0.151521 -0.483488 -0.534158 -0.893370 2.009495 -0.602122 0.148396 -0.470480
-0.151963 -0.483279 -0.535189 -0.893730 2.009598 -0.602431 0.148860 -0.471032
-0.152392 -0.483075 -0.536192 -0.894080 2.009697 -0.602732 0.149313 -0.471569
-0.152810 -0.482876 -0.537168 -0.894421 2.009791 -0.603024 0.149754 -0.472093
-0.153216 -0.482682 -0.538117 -0.894753 2.009882 -0.603308 0.150183 -0.472602
-0.153611 -0.482494 -0.539038 -0.895075 2.009968 -0.603584 0.150601 -0.473097
-0.153993 -0.482311 -0.539932 -0.895388 2.010051 -0.603851 0.151007 -0.473578
-0.154363 -0.482132 -0.540799 -0.895691 2.010130 -0.604110 0.151401 -0.474045
-0.154722 -0.481960 -0.541638 -0.895985 2.010205 -0.604360 0.151784 -0.474497
-0.155069 -0.481792 -0.542450 -0.896269 2.010277 -0.604603 0.152155 -0.474935
-0.155404 -0.481630 -0.543234 -0.896544 2.010345 -0.604837 0.152514 -0.475358
-0.155727 -0.481474 -0.543991 -0.896809 2.010411 -0.605062 0.152861 -0.475767
-0.156039 -0.481322 -0.544721 -0.897065 2.010473 -0.605280 0.153196 -0.476162
-0.156338 -0.481177 -0.545424 -0.897311 2.010531 -0.605489 0.153519 -0.476542
-0.156626 -0.481036 -0.546099 -0.897548 2.010587 -0.605690 0.153829 -0.476908
-0.156903 -0.480901 -0.546747 -0.897775 2.010640 -0.605883 0.154128 -0.477259
-0.157167 -0.480772 -0.547367 -0.897992 2.010691 -0.606067 0.154414 -0.477595
-0.157420 -0.480648 -0.547961 -0.898201 2.010738 -0.606244 0.154688 -0.477917
-0.157662 -0.480530 -0.548527 -0.898399 2.010783 -0.606412 0.154950 -0.478225
-0.157891 -0.480417 -0.549066 -0.898589 2.010825 -0.606572 0.155200 -0.478517
-0.158109 -0.480310 -0.549577 -0.898768 2.010864 -0.606724 0.155437 -0.478795
-0.158315 -0.480208 -0.550062 -0.898938 2.010901 -0.606868 0.155662 -0.479059
-0.158510 -0.480112 -0.550519 -0.899099 2.010936 -0.607004 0.155874 -0.479308
-0.158693 -0.480022 -0.550949 -0.899250 2.010969 -0.607131 0.156074 -0.479542
-0.158865 -0.479936 -0.551353 -0.899392 2.010999 -0.607251 0.156262 -0.479762
-0.159027 -0.479857 -0.551732 -0.899525 2.011027 -0.607364 0.156439 -0.479968
-0.159178 -0.479782 -0.552087 -0.899650 2.011053 -0.607469 0.156604 -0.480162
-0.159318 -0.479712 -0.552417 -0.899766 2.011077 -0.607567 0.156758 -0.480342
-0.159449 -0.479647 -0.552725 -0.899874 2.011099 -0.607658 0.156902 -0.480510
-0.159571 -0.479587 -0.553011 -0.899975 2.011120 -0.607743 0.157035 -0.480666
-0.159684 -0.479531 -0.553276 -0.900068 2.011138 -0.607821 0.157159 -0.480810
-0.159788 -0.479479 -0.553521 -0.900154 2.011156 -0.607894 0.157273 -0.480944
-0.159883 -0.479432 -0.553745 -0.900233 2.011172 -0.607960 0.157378 -0.481067
-0.159971 -0.479388 -0.553951 -0.900305 2.011186 -0.608021 0.157475 -0.481179
-0.160051 -0.479348 -0.554140 -0.900372 2.011199 -0.608077 0.157563 -0.481282
-0.160124 -0.479312 -0.554311 -0.900432 2.011211 -0.608127 0.157643 -0.481375
-0.160189 -0.479279 -0.554465 -0.900486 2.011222 -0.608173 0.157715 -0.481460
-0.160249 -0.479249 -0.554605 -0.900535 2.011232 -0.608214 0.157781 -0.481536
-0.160302 -0.479223 -0.554729 -0.900579 2.011240 -0.608251 0.157839 -0.481604
-0.160349 -0.479200 -0.554840 -0.900618 2.011248 -0.608284 0.157891 -0.481665
-0.160390 -0.479179 -0.554938 -0.900652 2.011255 -0.608313 0.157937 -0.481718
-0.160427 -0.479161 -0.555024 -0.900683 2.011261 -0.608338 0.157977 -0.481765
-0.160458 -0.479145 -0.555098 -0.900709 2.011266 -0.608360 0.158012 -0.481806
-0.160485 -0.479131 -0.555162 -0.900731 2.011270 -0.608379 0.158042 -0.481841
-0.160508 -0.479120 -0.555215 -0.900750 2.011274 -0.608395 0.158067 -0.481870
-0.160527 -0.479110 -0.555260 -0.900766 2.011277 -0.608408 0.158088 -0.481895
-0.160543 -0.479103 -0.555297 -0.900779 2.011279 -0.608419 0.158105 -0.481915
-0.160555 -0.479096 -0.555326 -0.900789 2.011281 -0.608428 0.158119 -0.481931
-0.160565 -0.479091 -0.555349 -0.900797 2.011283 -0.608435 0.158130 -0.481943
-0.160572 -0.479088 -0.555367 -0.900803 2.011284 -0.608440 0.158138 -0.481953
-0.160578 -0.479085 -0.555379 -0.900808 2.011285 -0.608443 0.158144 -0.481960
-0.160581 -0.479083 -0.555387 -0.900810 2.011285 -0.608446 0.158148 -0.481964
-0.160583 -0.479082 -0.555392 -0.900812 2.011286 -0.608447 0.158150 -0.481967
-0.160584 -0.479082 -0.555395 -0.900813 2.011286 -0.608448 0.158151 -0.481968
