397
0.375000 -0.349066 0.436332 -0.785398 1.239184 -0.349066 0.349066 0.000000
0.378120 -0.349352 0.436744 -0.785381 1.240301 -0.348995 0.347192 0.000258
0.381239 -0.349637 0.437157 -0.785364 1.241417 -0.348924 0.345319 0.000515
0.384358 -0.349923 0.437572 -0.785348 1.242530 -0.348853 0.343447 0.000772
0.387476 -0.350208 0.437988 -0.785331 1.243643 -0.348782 0.341575 0.001030
0.390594 -0.350493 0.438405 -0.785316 1.244753 -0.348711 0.339704 0.001287
0.393712 -0.350778 0.438823 -0.785300 1.245862 -0.348640 0.337833 0.001544
0.396829 -0.351063 0.439243 -0.785285 1.246969 -0.348569 0.335963 0.001800
0.399946 -0.351347 0.439665 -0.785270 1.248075 -0.348497 0.334093 0.002057
0.403063 -0.351631 0.440087 -0.785256 1.249178 -0.348426 0.332223 0.002314
0.406179 -0.351916 0.440511 -0.785242 1.250280 -0.348354 0.330355 0.002570
0.409294 -0.352200 0.440937 -0.785228 1.251381 -0.348283 0.328486 0.002826
0.412409 -0.352484 0.441364 -0.785215 1.252480 -0.348211 0.326618 0.003082
0.415524 -0.352767 0.441792 -0.785202 1.253577 -0.348139 0.324751 0.003338
0.418639 -0.353051 0.442222 -0.785190 1.254672 -0.348067 0.322884 0.003594
0.421753 -0.353334 0.442653 -0.785177 1.255766 -0.347995 0.321018 0.003849
0.424866 -0.353618 0.443085 -0.785166 1.256858 -0.347922 0.319152 0.004105
0.427980 -0.353901 0.443519 -0.785154 1.257948 -0.347850 0.317287 0.004360
0.431093 -0.354183 0.443954 -0.785143 1.259036 -0.347777 0.315422 0.004615
0.434205 -0.354466 0.444390 -0.785132 1.260123 -0.347705 0.313558 0.004870
0.437317 -0.354749 0.444828 -0.785122 1.261208 -0.347632 0.311694 0.005125
0.440429 -0.355031 0.445268 -0.785112 1.262292 -0.347559 0.309831 0.005379
0.443540 -0.355313 0.445708 -0.785102 1.263373 -0.347485 0.307968 0.005634
0.446651 -0.355596 0.446151 -0.785093 1.264454 -0.347412 0.306106 0.005888
0.449761 -0.355877 0.446594 -0.785084 1.265532 -0.347338 0.304244 0.006142
0.452872 -0.356159 0.447039 -0.785075 1.266609 -0.347265 0.302383 0.006396
0.455981 -0.356441 0.447486 -0.785067 1.267684 -0.347191 0.300522 0.006649
0.459091 -0.356722 0.447933 -0.785059 1.268757 -0.347117 0.298661 0.006903
0.462200 -0.357004 0.448383 -0.785052 1.269829 -0.347042 0.296802 0.007156
0.465308 -0.357285 0.448833 -0.785045 1.270898 -0.346968 0.294942 0.007409
0.468417 -0.357566 0.449285 -0.785038 1.271967 -0.346893 0.293083 0.007662
0.471525 -0.357847 0.449739 -0.785032 1.273033 -0.346818 0.291225 0.007915
0.474632 -0.358127 0.450193 -0.785026 1.274098 -0.346743 0.289367 0.008167
0.477739 -0.358408 0.450650 -0.785020 1.275161 -0.346668 0.287509 0.008420
0.480846 -0.358688 0.451108 -0.785015 1.276222 -0.346592 0.285652 0.008672
0.483952 -0.358968 0.451567 -0.785010 1.277282 -0.346516 0.283796 0.008924
0.487058 -0.359249 0.452027 -0.785005 1.278340 -0.346440 0.281940 0.009176
0.490164 -0.359528 0.452489 -0.785001 1.279396 -0.346364 0.280084 0.009427
0.493269 -0.359808 0.452953 -0.784997 1.280451 -0.346287 0.278229 0.009678
0.496374 -0.360088 0.453418 -0.784994 1.281504 -0.346211 0.276374 0.009930
0.499479 -0.360367 0.453884 -0.784991 1.282555 -0.346134 0.274520 0.010181
0.502583 -0.360647 0.454352 -0.784988 1.283604 -0.346056 0.272666 0.010431
0.505687 -0.360926 0.454821 -0.784986 1.284652 -0.345979 0.270813 0.010682
0.508790 -0.361205 0.455291 -0.784984 1.285698 -0.345901 0.268960 0.010932
0.511893 -0.361484 0.455763 -0.784982 1.286742 -0.345823 0.267108 0.011182
0.514996 -0.361762 0.456237 -0.784981 1.287785 -0.345745 0.265256 0.011432
0.518099 -0.362041 0.456712 -0.784980 1.288826 -0.345666 0.263405 0.011681
0.521201 -0.362319 0.457188 -0.784980 1.289865 -0.345587 0.261554 0.011931
0.524302 -0.362598 0.457666 -0.784980 1.290902 -0.345508 0.259703 0.012180
0.527404 -0.362876 0.458145 -0.784980 1.291938 -0.345428 0.257853 0.012428
0.530505 -0.363154 0.458626 -0.784981 1.292972 -0.345348 0.256003 0.012677
0.533605 -0.363432 0.459108 -0.784982 1.294005 -0.345268 0.254154 0.012925
0.536705 -0.363709 0.459592 -0.784983 1.295035 -0.345188 0.252306 0.013174
0.539805 -0.363987 0.460077 -0.784985 1.296064 -0.345107 0.250457 0.013421
0.542905 -0.364264 0.460563 -0.784987 1.297091 -0.345026 0.248610 0.013669
0.546004 -0.364542 0.461051 -0.784990 1.298117 -0.344944 0.246762 0.013916
0.549103 -0.364819 0.461541 -0.784993 1.299141 -0.344862 0.244915 0.014163
0.552202 -0.365096 0.462032 -0.784996 1.300163 -0.344780 0.243069 0.014410
0.555300 -0.365372 0.462524 -0.784999 1.301183 -0.344698 0.241223 0.014657
0.558398 -0.365649 0.463018 -0.785003 1.302202 -0.344615 0.239377 0.014903
0.561495 -0.365926 0.463513 -0.785008 1.303219 -0.344532 0.237532 0.015149
0.564592 -0.366202 0.464010 -0.785013 1.304234 -0.344448 0.235688 0.015395
0.567689 -0.366478 0.464508 -0.785018 1.305248 -0.344364 0.233844 0.015640
0.570786 -0.366754 0.465008 -0.785023 1.306259 -0.344280 0.232000 0.015886
0.573882 -0.367030 0.465509 -0.785029 1.307269 -0.344195 0.230156 0.016131
0.576978 -0.367306 0.466012 -0.785035 1.308278 -0.344110 0.228314 0.016375
0.580073 -0.367582 0.466516 -0.785042 1.309284 -0.344024 0.226471 0.016620
0.583168 -0.367857 0.467021 -0.785049 1.310289 -0.343939 0.224629 0.016864
0.586263 -0.368132 0.467528 -0.785056 1.311293 -0.343852 0.222788 0.017107
0.589358 -0.368408 0.468037 -0.785064 1.312294 -0.343766 0.220947 0.017351
0.592452 -0.368683 0.468547 -0.785072 1.313294 -0.343678 0.219106 0.017594
0.595546 -0.368958 0.469058 -0.785080 1.314292 -0.343591 0.217266 0.017837
0.598639 -0.369232 0.469571 -0.785089 1.315288 -0.343503 0.215426 0.018079
0.601732 -0.369507 0.470086 -0.785098 1.316283 -0.343415 0.213587 0.018321
0.604825 -0.369782 0.470601 -0.785108 1.317276 -0.343326 0.211748 0.018563
0.607918 -0.370056 0.471119 -0.785118 1.318267 -0.343237 0.209909 0.018805
0.611010 -0.370330 0.471638 -0.785128 1.319256 -0.343147 0.208071 0.019046
0.614102 -0.370604 0.472158 -0.785138 1.320244 -0.343057 0.206234 0.019287
0.617193 -0.370878 0.472680 -0.785150 1.321230 -0.342966 0.204396 0.019528
0.620284 -0.371152 0.473203 -0.785161 1.322214 -0.342875 0.202560 0.019768
0.623375 -0.371426 0.473728 -0.785173 1.323197 -0.342783 0.200723 0.020008
0.626466 -0.371699 0.474254 -0.785185 1.324178 -0.342691 0.198888 0.020247
0.629556 -0.371972 0.474782 -0.785197 1.325157 -0.342599 0.197052 0.020487
0.632646 -0.372246 0.475311 -0.785210 1.326134 -0.342506 0.195217 0.020726
0.635736 -0.372519 0.475842 -0.785223 1.327110 -0.342412 0.193383 0.020964
0.638825 -0.372792 0.476374 -0.785237 1.328084 -0.342318 0.191548 0.021202
0.641914 -0.373064 0.476908 -0.785250 1.329056 -0.342224 0.189715 0.021440
0.645002 -0.373337 0.477443 -0.785265 1.330027 -0.342129 0.187882 0.021678
0.648091 -0.373609 0.477979 -0.785279 1.330996 -0.342034 0.186049 0.021915
0.651179 -0.373882 0.478518 -0.785294 1.331963 -0.341938 0.184216 0.022151
0.654266 -0.374154 0.479057 -0.785309 1.332928 -0.341841 0.182384 0.022388
0.657354 -0.374426 0.479598 -0.785325 1.333892 -0.341744 0.180553 0.022624
0.660441 -0.374698 0.480141 -0.785341 1.334854 -0.341646 0.178722 0.022859
0.663528 -0.374970 0.480685 -0.785358 1.335814 -0.341548 0.176891 0.023094
0.666614 -0.375241 0.481231 -0.785374 1.336773 -0.341450 0.175061 0.023329
0.669700 -0.375513 0.481778 -0.785391 1.337730 -0.341350 0.173231 0.023564
0.672786 -0.375784 0.482326 -0.785409 1.338685 -0.341251 0.171402 0.023798
0.675871 -0.376055 0.482876 -0.785427 1.339638 -0.341150 0.169573 0.024031
0.678957 -0.376326 0.483428 -0.785445 1.340590 -0.341049 0.167744 0.024264
0.682042 -0.376597 0.483981 -0.785463 1.341540 -0.340948 0.165916 0.024497
0.685126 -0.376868 0.484535 -0.785482 1.342488 -0.340846 0.164088 0.024730
0.688210 -0.377138 0.485091 -0.785501 1.343434 -0.340743 0.162261 0.024961
0.691294 -0.377409 0.485649 -0.785521 1.344379 -0.340640 0.160434 0.025193
0.694378 -0.377679 0.486208 -0.785540 1.345322 -0.340536 0.158608 0.025424
0.697461 -0.377949 0.486768 -0.785561 1.346264 -0.340432 0.156782 0.025655
0.700544 -0.378219 0.487330 -0.785581 1.347203 -0.340327 0.154956 0.025885
0.703627 -0.378489 0.487894 -0.785602 1.348141 -0.340221 0.153131 0.026115
0.706710 -0.378759 0.488459 -0.785623 1.349077 -0.340115 0.151306 0.026344
0.709792 -0.379028 0.489025 -0.785645 1.350012 -0.340008 0.149482 0.026573
0.712874 -0.379298 0.489593 -0.785667 1.350945 -0.339901 0.147658 0.026802
0.715955 -0.379567 0.490163 -0.785689 1.351876 -0.339793 0.145835 0.027030
0.719036 -0.379836 0.490734 -0.785711 1.352805 -0.339684 0.144012 0.027257
0.722117 -0.380105 0.491306 -0.785734 1.353733 -0.339575 0.142189 0.027484
0.725198 -0.380374 0.491880 -0.785758 1.354659 -0.339465 0.140367 0.027711
0.728278 -0.380642 0.492455 -0.785781 1.355583 -0.339354 0.138546 0.027937
0.731358 -0.380911 0.493032 -0.785805 1.356506 -0.339243 0.136724 0.028163
0.734438 -0.381179 0.493610 -0.785829 1.357427 -0.339131 0.134904 0.028388
0.737517 -0.381447 0.494190 -0.785854 1.358346 -0.339018 0.133083 0.028613
0.740597 -0.381715 0.494772 -0.785878 1.359263 -0.338905 0.131263 0.028837
0.743675 -0.381983 0.495354 -0.785904 1.360179 -0.338791 0.129444 0.029061
0.746754 -0.382251 0.495939 -0.785929 1.361093 -0.338676 0.127625 0.029284
0.749832 -0.382519 0.496524 -0.785955 1.362005 -0.338561 0.125806 0.029507
0.752910 -0.382786 0.497112 -0.785981 1.362916 -0.338444 0.123988 0.029729
0.755988 -0.383053 0.497701 -0.786007 1.363825 -0.338328 0.122170 0.029950
0.759065 -0.383320 0.498291 -0.786034 1.364732 -0.338210 0.120352 0.030172
0.762142 -0.383587 0.498882 -0.786061 1.365638 -0.338092 0.118535 0.030392
0.765219 -0.383854 0.499476 -0.786089 1.366542 -0.337973 0.116719 0.030613
0.768295 -0.384121 0.500070 -0.786116 1.367444 -0.337853 0.114903 0.030832
0.771371 -0.384387 0.500666 -0.786144 1.368344 -0.337733 0.113087 0.031051
0.774447 -0.384653 0.501264 -0.786173 1.369243 -0.337612 0.111272 0.031270
0.777523 -0.384920 0.501863 -0.786201 1.370140 -0.337490 0.109457 0.031488
0.780598 -0.385186 0.502464 -0.786230 1.371035 -0.337368 0.107643 0.031705
0.783673 -0.385451 0.503066 -0.786259 1.371929 -0.337244 0.105829 0.031922
0.786748 -0.385717 0.503669 -0.786289 1.372821 -0.337120 0.104015 0.032139
0.789822 -0.385983 0.504274 -0.786318 1.373711 -0.336996 0.102202 0.032354
0.792896 -0.386248 0.504881 -0.786348 1.374600 -0.336870 0.100389 0.032570
0.795970 -0.386513 0.505489 -0.786379 1.375487 -0.336744 0.098577 0.032784
0.799044 -0.386778 0.506098 -0.786409 1.376372 -0.336617 0.096765 0.032999
0.802117 -0.387043 0.506709 -0.786440 1.377256 -0.336489 0.094954 0.033212
0.805190 -0.387308 0.507321 -0.786471 1.378137 -0.336360 0.093143 0.033425
0.808263 -0.387572 0.507935 -0.786503 1.379018 -0.336231 0.091333 0.033637
0.811335 -0.387837 0.508550 -0.786535 1.379896 -0.336101 0.089523 0.033849
0.814407 -0.388101 0.509167 -0.786567 1.380773 -0.335970 0.087713 0.034060
0.817479 -0.388365 0.509785 -0.786599 1.381648 -0.335838 0.085904 0.034271
0.820550 -0.388629 0.510405 -0.786632 1.382522 -0.335705 0.084095 0.034481
0.823622 -0.388893 0.511026 -0.786664 1.383393 -0.335572 0.082287 0.034690
0.826692 -0.389156 0.511649 -0.786698 1.384264 -0.335437 0.080479 0.034899
0.829763 -0.389420 0.512273 -0.786731 1.385132 -0.335302 0.078672 0.035107
0.832833 -0.389683 0.512898 -0.786765 1.385999 -0.335167 0.076865 0.035315
0.835903 -0.389946 0.513525 -0.786798 1.386864 -0.335030 0.075058 0.035522
0.838973 -0.390209 0.514153 -0.786833 1.387727 -0.334892 0.073252 0.035728
0.842043 -0.390471 0.514783 -0.786867 1.388589 -0.334754 0.071446 0.035934
0.845112 -0.390734 0.515415 -0.786902 1.389449 -0.334615 0.069641 0.036139
0.848181 -0.390996 0.516047 -0.786937 1.390308 -0.334475 0.067836 0.036343
0.851249 -0.391259 0.516681 -0.786972 1.391165 -0.334334 0.066032 0.036547
0.854318 -0.391521 0.517317 -0.787007 1.392020 -0.334192 0.064228 0.036750
0.857386 -0.391782 0.517954 -0.787043 1.392873 -0.334049 0.062425 0.036952
0.860453 -0.392044 0.518593 -0.787079 1.393725 -0.333906 0.060622 0.037154
0.863521 -0.392306 0.519232 -0.787115 1.394576 -0.333762 0.058819 0.037355
0.866588 -0.392567 0.519874 -0.787151 1.395424 -0.333616 0.057017 0.037555
0.869655 -0.392828 0.520517 -0.787188 1.396271 -0.333470 0.055216 0.037755
0.872721 -0.393089 0.521161 -0.787225 1.397116 -0.333323 0.053414 0.037954
0.875788 -0.393350 0.521806 -0.787262 1.397960 -0.333175 0.051614 0.038153
0.878854 -0.393610 0.522453 -0.787299 1.398802 -0.333027 0.049813 0.038350
0.881919 -0.393871 0.523102 -0.787336 1.399642 -0.332877 0.048013 0.038547
0.884985 -0.394131 0.523752 -0.787374 1.400481 -0.332727 0.046214 0.038744
0.888050 -0.394391 0.524403 -0.787412 1.401318 -0.332575 0.044415 0.038939
0.891115 -0.394651 0.525056 -0.787450 1.402154 -0.332423 0.042617 0.039134
0.894179 -0.394911 0.525710 -0.787488 1.402988 -0.332269 0.040819 0.039328
0.897244 -0.395170 0.526365 -0.787527 1.403820 -0.332115 0.039021 0.039522
0.900308 -0.395430 0.527022 -0.787566 1.404650 -0.331960 0.037224 0.039715
0.903371 -0.395689 0.527681 -0.787605 1.405479 -0.331804 0.035427 0.039907
0.906435 -0.395948 0.528340 -0.787644 1.406307 -0.331647 0.033631 0.040098
0.909498 -0.396207 0.529001 -0.787683 1.407132 -0.331489 0.031835 0.040288
0.912561 -0.396465 0.529664 -0.787722 1.407957 -0.331331 0.030040 0.040478
0.915623 -0.396724 0.530328 -0.787762 1.408779 -0.331171 0.028245 0.040667
0.918685 -0.396982 0.530993 -0.787802 1.409600 -0.331010 0.026451 0.040856
0.921747 -0.397240 0.531660 -0.787842 1.410419 -0.330849 0.024657 0.041043
0.924809 -0.397498 0.532328 -0.787882 1.411237 -0.330686 0.022863 0.041230
0.927870 -0.397755 0.532998 -0.787923 1.412053 -0.330522 0.021070 0.041416
0.930931 -0.398013 0.533668 -0.787963 1.412868 -0.330358 0.019278 0.041602
0.933992 -0.398270 0.534341 -0.788004 1.413680 -0.330192 0.017486 0.041786
0.937052 -0.398527 0.535014 -0.788045 1.414492 -0.330026 0.015694 0.041970
0.940113 -0.398784 0.535689 -0.788086 1.415301 -0.329859 0.013903 0.042153
0.943173 -0.399041 0.536366 -0.788127 1.416110 -0.329690 0.012113 0.042335
0.946232 -0.399297 0.537043 -0.788168 1.416916 -0.329521 0.010322 0.042516
0.949292 -0.399554 0.537722 -0.788210 1.417721 -0.329351 0.008533 0.042697
0.952351 -0.399810 0.538403 -0.788251 1.418524 -0.329179 0.006743 0.042877
0.955409 -0.400066 0.539085 -0.788293 1.419326 -0.329007 0.004955 0.043056
0.958468 -0.400321 0.539768 -0.788335 1.420126 -0.328834 0.003166 0.043234
0.961526 -0.400577 0.540452 -0.788377 1.420925 -0.328660 0.001378 0.043412
0.964584 -0.400832 0.541138 -0.788419 1.421722 -0.328484 -0.000409 0.043588
0.967641 -0.401087 0.541825 -0.788462 1.422518 -0.328308 -0.002196 0.043764
0.970698 -0.401342 0.542514 -0.788504 1.423312 -0.328131 -0.003982 0.043939
0.973755 -0.401597 0.543204 -0.788547 1.424104 -0.327953 -0.005768 0.044113
0.976812 -0.401852 0.543895 -0.788589 1.424895 -0.327773 -0.007554 0.044287
0.979868 -0.402106 0.544587 -0.788632 1.425684 -0.327593 -0.009338 0.044459
0.982925 -0.402360 0.545281 -0.788675 1.426472 -0.327412 -0.011123 0.044631
0.985980 -0.402614 0.545977 -0.788718 1.427258 -0.327229 -0.012907 0.044802
0.989036 -0.402868 0.546673 -0.788761 1.428043 -0.327046 -0.014690 0.044972
0.992091 -0.403121 0.547371 -0.788804 1.428826 -0.326862 -0.016474 0.045141
0.995146 -0.403375 0.548070 -0.788847 1.429607 -0.326676 -0.018256 0.045309
0.998200 -0.403628 0.548770 -0.788891 1.430387 -0.326490 -0.020038 0.045477
1.001255 -0.403881 0.549472 -0.788934 1.431166 -0.326303 -0.021820 0.045643
1.004309 -0.404133 0.550175 -0.788978 1.431943 -0.326114 -0.023601 0.045809
1.007362 -0.404386 0.550880 -0.789021 1.432718 -0.325925 -0.025381 0.045974
1.010416 -0.404638 0.551585 -0.789065 1.433492 -0.325734 -0.027161 0.046138
1.013469 -0.404890 0.552292 -0.789108 1.434264 -0.325543 -0.028941 0.046301
1.016522 -0.405142 0.553000 -0.789152 1.435035 -0.325350 -0.030720 0.046464
1.019574 -0.405394 0.553710 -0.789196 1.435805 -0.325156 -0.032499 0.046625
1.022626 -0.405645 0.554421 -0.789240 1.436573 -0.324962 -0.034277 0.046785
1.025678 -0.405896 0.555133 -0.789284 1.437339 -0.324766 -0.036055 0.046945
1.028730 -0.406147 0.555846 -0.789328 1.438104 -0.324569 -0.037832 0.047104
1.031781 -0.406398 0.556561 -0.789372 1.438867 -0.324371 -0.039608 0.047262
1.034832 -0.406648 0.557277 -0.789416 1.439629 -0.324172 -0.041385 0.047419
1.037883 -0.406899 0.557994 -0.789460 1.440389 -0.323972 -0.043160 0.047575
1.040933 -0.407149 0.558712 -0.789504 1.441148 -0.323771 -0.044935 0.047730
1.043983 -0.407399 0.559432 -0.789548 1.441905 -0.323569 -0.046710 0.047884
1.047033 -0.407649 0.560153 -0.789593 1.442661 -0.323366 -0.048484 0.048037
1.050083 -0.407898 0.560875 -0.789637 1.443416 -0.323162 -0.050258 0.048190
1.053132 -0.408147 0.561599 -0.789681 1.444169 -0.322957 -0.052031 0.048341
1.056180 -0.408396 0.562323 -0.789725 1.444920 -0.322750 -0.053804 0.048492
1.059229 -0.408645 0.563049 -0.789769 1.445670 -0.322543 -0.055576 0.048641
1.062277 -0.408894 0.563776 -0.789814 1.446419 -0.322334 -0.057347 0.048790
1.065325 -0.409142 0.564505 -0.789858 1.447166 -0.322125 -0.059118 0.048938
1.068373 -0.409390 0.565234 -0.789902 1.447911 -0.321914 -0.060889 0.049084
1.071420 -0.409638 0.565965 -0.789946 1.448655 -0.321703 -0.062659 0.049230
1.074467 -0.409886 0.566697 -0.789990 1.449398 -0.321490 -0.064429 0.049375
1.077514 -0.410133 0.567430 -0.790035 1.450139 -0.321276 -0.066198 0.049519
1.080560 -0.410380 0.568165 -0.790079 1.450879 -0.321061 -0.067966 0.049662
1.083606 -0.410627 0.568900 -0.790123 1.451617 -0.320845 -0.069734 0.049804
1.086652 -0.410874 0.569637 -0.790167 1.452354 -0.320628 -0.071502 0.049945
1.089697 -0.411121 0.570375 -0.790211 1.453090 -0.320409 -0.073269 0.050085
1.092743 -0.411367 0.571115 -0.790255 1.453824 -0.320190 -0.075035 0.050225
1.095787 -0.411613 0.571855 -0.790299 1.454556 -0.319970 -0.076801 0.050363
1.098832 -0.411859 0.572597 -0.790343 1.455288 -0.319748 -0.078566 0.050500
1.101876 -0.412104 0.573339 -0.790387 1.456017 -0.319526 -0.080331 0.050636
1.104920 -0.412350 0.574083 -0.790430 1.456746 -0.319302 -0.082096 0.050772
1.107963 -0.412595 0.574829 -0.790474 1.457473 -0.319077 -0.083859 0.050906
1.111007 -0.412840 0.575575 -0.790518 1.458198 -0.318851 -0.085623 0.051039
1.114050 -0.413084 0.576322 -0.790561 1.458922 -0.318624 -0.087386 0.051172
1.117092 -0.413329 0.577071 -0.790605 1.459645 -0.318396 -0.089148 0.051303
1.120134 -0.413573 0.577821 -0.790648 1.460366 -0.318167 -0.090910 0.051433
1.123176 -0.413817 0.578572 -0.790691 1.461086 -0.317937 -0.092671 0.051563
1.126218 -0.414061 0.579324 -0.790735 1.461805 -0.317705 -0.094431 0.051691
1.129259 -0.414304 0.580077 -0.790778 1.462522 -0.317473 -0.096191 0.051819
1.132300 -0.414547 0.580832 -0.790821 1.463238 -0.317239 -0.097951 0.051945
1.135341 -0.414790 0.581587 -0.790864 1.463952 -0.317005 -0.099710 0.052070
1.138381 -0.415033 0.582344 -0.790907 1.464665 -0.316769 -0.101469 0.052195
1.141421 -0.415275 0.583102 -0.790949 1.465377 -0.316532 -0.103227 0.052318
1.144461 -0.415517 0.583861 -0.790992 1.466087 -0.316294 -0.104984 0.052440
1.147500 -0.415759 0.584621 -0.791034 1.466796 -0.316055 -0.106741 0.052562
1.150539 -0.416001 0.585382 -0.791077 1.467503 -0.315815 -0.108497 0.052682
1.153578 -0.416243 0.586144 -0.791119 1.468210 -0.315574 -0.110253 0.052801
1.156616 -0.416484 0.586908 -0.791161 1.468914 -0.315331 -0.112008 0.052920
1.159654 -0.416725 0.587672 -0.791203 1.469618 -0.315088 -0.113763 0.053037
1.162692 -0.416965 0.588438 -0.791245 1.470320 -0.314843 -0.115517 0.053153
1.165730 -0.417206 0.589205 -0.791286 1.471020 -0.314597 -0.117271 0.053269
1.168767 -0.417446 0.589973 -0.791328 1.471720 -0.314351 -0.119024 0.053383
1.171803 -0.417686 0.590742 -0.791369 1.472418 -0.314103 -0.120776 0.053496
1.174840 -0.417925 0.591512 -0.791410 1.473114 -0.313854 -0.122528 0.053608
1.177876 -0.418165 0.592283 -0.791451 1.473809 -0.313603 -0.124279 0.053719
1.180912 -0.418404 0.593056 -0.791492 1.474503 -0.313352 -0.126030 0.053829
1.183947 -0.418643 0.593829 -0.791533 1.475196 -0.313100 -0.127780 0.053938
1.186982 -0.418881 0.594604 -0.791573 1.475887 -0.312846 -0.129530 0.054046
1.190017 -0.419119 0.595380 -0.791614 1.476577 -0.312591 -0.131279 0.054153
1.193051 -0.419357 0.596156 -0.791654 1.477265 -0.312336 -0.133028 0.054259
1.196085 -0.419595 0.596935 -0.791694 1.477952 -0.312079 -0.134776 0.054364
1.199119 -0.419832 0.597714 -0.791734 1.478638 -0.311821 -0.136523 0.054468
1.202153 -0.420069 0.598495 -0.791774 1.479322 -0.311561 -0.138270 0.054571
1.205186 -0.420304 0.599277 -0.791814 1.480003 -0.311300 -0.140016 0.054673
1.202730 -0.419724 0.602735 -0.792723 1.477962 -0.309469 -0.140213 0.055570
1.200345 -0.419157 0.606083 -0.793610 1.475980 -0.307691 -0.140394 0.056440
1.198028 -0.418602 0.609326 -0.794475 1.474056 -0.305964 -0.140558 0.057285
1.195778 -0.418061 0.612468 -0.795317 1.472188 -0.304288 -0.140707 0.058104
1.193594 -0.417533 0.615512 -0.796138 1.470375 -0.302661 -0.140843 0.058899
1.191472 -0.417017 0.618460 -0.796938 1.468615 -0.301081 -0.140965 0.059670
1.189412 -0.416513 0.621316 -0.797718 1.466906 -0.299547 -0.141075 0.060419
1.187411 -0.416022 0.624083 -0.798477 1.465248 -0.298058 -0.141175 0.061145
1.185469 -0.415543 0.626765 -0.799217 1.463639 -0.296613 -0.141264 0.061850
1.183583 -0.415076 0.629362 -0.799938 1.462077 -0.295210 -0.141344 0.062534
1.181751 -0.414620 0.631880 -0.800639 1.460561 -0.293848 -0.141414 0.063197
1.179973 -0.414176 0.634319 -0.801322 1.459089 -0.292526 -0.141477 0.063841
1.178247 -0.413743 0.636682 -0.801988 1.457661 -0.291243 -0.141532 0.064466
1.176571 -0.413321 0.638973 -0.802635 1.456275 -0.289998 -0.141580 0.065073
1.174944 -0.412910 0.641193 -0.803265 1.454930 -0.288789 -0.141622 0.065661
1.173365 -0.412510 0.643344 -0.803879 1.453625 -0.287615 -0.141658 0.066233
1.171831 -0.412120 0.645429 -0.804476 1.452359 -0.286477 -0.141688 0.066787
1.170343 -0.411740 0.647449 -0.805057 1.451130 -0.285371 -0.141713 0.067325
1.168898 -0.411370 0.649408 -0.805622 1.449937 -0.284299 -0.141734 0.067847
1.167495 -0.411010 0.651306 -0.806172 1.448780 -0.283258 -0.141750 0.068354
1.166134 -0.410659 0.653145 -0.806707 1.447657 -0.282248 -0.141763 0.068845
1.164812 -0.410318 0.654929 -0.807227 1.446567 -0.281267 -0.141772 0.069323
1.163529 -0.409986 0.656657 -0.807734 1.445510 -0.280316 -0.141778 0.069786
1.162284 -0.409663 0.658333 -0.808226 1.444484 -0.279393 -0.141781 0.070235
1.161076 -0.409349 0.659957 -0.808704 1.443488 -0.278497 -0.141781 0.070671
1.159903 -0.409044 0.661531 -0.809170 1.442523 -0.277627 -0.141779 0.071094
1.158764 -0.408746 0.663057 -0.809622 1.441586 -0.276784 -0.141775 0.071505
1.157659 -0.408457 0.664536 -0.810062 1.440677 -0.275965 -0.141769 0.071904
1.156587 -0.408176 0.665971 -0.810490 1.439795 -0.275171 -0.141761 0.072290
1.155546 -0.407903 0.667361 -0.810905 1.438940 -0.274401 -0.141751 0.072666
1.154536 -0.407637 0.668708 -0.811309 1.438110 -0.273653 -0.141741 0.073030
1.153556 -0.407378 0.670015 -0.811702 1.437304 -0.272928 -0.141728 0.073383
1.152605 -0.407127 0.671282 -0.812083 1.436523 -0.272224 -0.141715 0.073726
1.151681 -0.406883 0.672509 -0.812454 1.435766 -0.271541 -0.141701 0.074059
1.150785 -0.406646 0.673700 -0.812814 1.435031 -0.270878 -0.141686 0.074381
1.149916 -0.406415 0.674854 -0.813164 1.434318 -0.270236 -0.141671 0.074694
1.149072 -0.406191 0.675973 -0.813504 1.433626 -0.269612 -0.141655 0.074998
1.148253 -0.405974 0.677058 -0.813834 1.432956 -0.269007 -0.141638 0.075293
1.147459 -0.405762 0.678109 -0.814154 1.432305 -0.268421 -0.141621 0.075579
1.146688 -0.405557 0.679129 -0.814466 1.431674 -0.267851 -0.141604 0.075857
1.145939 -0.405357 0.680118 -0.814768 1.431062 -0.267299 -0.141586 0.076126
1.145213 -0.405164 0.681076 -0.815062 1.430468 -0.266763 -0.141568 0.076387
1.144509 -0.404975 0.682005 -0.815347 1.429892 -0.266244 -0.141550 0.076641
1.143825 -0.404793 0.682906 -0.815624 1.429334 -0.265740 -0.141532 0.076887
1.143162 -0.404615 0.683780 -0.815893 1.428792 -0.265251 -0.141514 0.077125
1.142518 -0.404443 0.684627 -0.816154 1.428267 -0.264777 -0.141497 0.077356
1.141893 -0.404276 0.685448 -0.816408 1.427757 -0.264317 -0.141479 0.077581
1.141287 -0.404113 0.686244 -0.816654 1.427263 -0.263870 -0.141461 0.077799
1.140699 -0.403955 0.687016 -0.816892 1.426784 -0.263438 -0.141443 0.078010
1.140128 -0.403802 0.687765 -0.817124 1.426319 -0.263018 -0.141426 0.078215
1.139575 -0.403653 0.688491 -0.817349 1.425868 -0.262611 -0.141409 0.078414
1.139038 -0.403509 0.689194 -0.817568 1.425431 -0.262216 -0.141391 0.078607
1.138516 -0.403369 0.689877 -0.817780 1.425007 -0.261833 -0.141375 0.078794
1.138011 -0.403233 0.690538 -0.817986 1.424595 -0.261461 -0.141358 0.078975
1.137520 -0.403101 0.691180 -0.818186 1.424196 -0.261100 -0.141342 0.079151
1.137044 -0.402973 0.691802 -0.818380 1.423810 -0.260751 -0.141325 0.079322
1.136582 -0.402848 0.692406 -0.818568 1.423434 -0.260412 -0.141309 0.079488
1.136134 -0.402727 0.692990 -0.818750 1.423070 -0.260083 -0.141294 0.079648
1.135699 -0.402610 0.693558 -0.818928 1.422717 -0.259764 -0.141278 0.079804
1.135277 -0.402496 0.694108 -0.819100 1.422375 -0.259454 -0.141263 0.079956
1.134868 -0.402386 0.694641 -0.819267 1.422043 -0.259154 -0.141248 0.080102
1.134470 -0.402279 0.695159 -0.819429 1.421721 -0.258863 -0.141234 0.080245
1.134085 -0.402175 0.695660 -0.819586 1.421409 -0.258580 -0.141219 0.080383
1.133711 -0.402074 0.696147 -0.819739 1.421106 -0.258306 -0.141205 0.080517
1.133349 -0.401976 0.696618 -0.819887 1.420812 -0.258041 -0.141191 0.080647
1.132997 -0.401881 0.697076 -0.820031 1.420527 -0.257783 -0.141178 0.080773
1.132655 -0.401788 0.697520 -0.820170 1.420250 -0.257533 -0.141164 0.080895
1.132324 -0.401699 0.697950 -0.820306 1.419982 -0.257290 -0.141151 0.081014
1.132003 -0.401612 0.698367 -0.820437 1.419722 -0.257055 -0.141139 0.081129
1.131691 -0.401527 0.698772 -0.820565 1.419470 -0.256827 -0.141126 0.081240
1.131389 -0.401445 0.699164 -0.820689 1.419225 -0.256605 -0.141114 0.081349
1.131095 -0.401366 0.699545 -0.820809 1.418988 -0.256391 -0.141102 0.081454
1.130811 -0.401289 0.699914 -0.820925 1.418757 -0.256182 -0.141090 0.081556
1.130535 -0.401214 0.700272 -0.821039 1.418534 -0.255980 -0.141078 0.081654
1.130267 -0.401141 0.700619 -0.821148 1.418317 -0.255784 -0.141067 0.081750
1.130007 -0.401071 0.700956 -0.821255 1.418107 -0.255594 -0.141056 0.081843
1.129755 -0.401002 0.701283 -0.821359 1.417903 -0.255410 -0.141045 0.081934
1.129510 -0.400936 0.701600 -0.821459 1.417706 -0.255231 -0.141035 0.082021
1.129273 -0.400871 0.701907 -0.821556 1.417514 -0.255057 -0.141024 0.082106
1.129043 -0.400809 0.702205 -0.821651 1.417328 -0.254889 -0.141014 0.082189
1.128819 -0.400748 0.702494 -0.821742 1.417147 -0.254725 -0.141004 0.082269
1.128603 -0.400689 0.702774 -0.821831 1.416972 -0.254567 -0.140995 0.082346
1.128393 -0.400632 0.703046 -0.821918 1.416802 -0.254413 -0.140985 0.082421
1.128189 -0.400576 0.703310 -0.822002 1.416638 -0.254264 -0.140976 0.082494
1.127991 -0.400523 0.703565 -0.822083 1.416478 -0.254120 -0.140967 0.082565
1.127799 -0.400470 0.703813 -0.822162 1.416323 -0.253979 -0.140958 0.082634
1.127613 -0.400420 0.704054 -0.822239 1.416173 -0.253843 -0.140950 0.082700
1.127432 -0.400370 0.704287 -0.822313 1.416027 -0.253711 -0.140941 0.082765
1.127257 -0.400323 0.704514 -0.822385 1.415885 -0.253583 -0.140933 0.082828
1.127087 -0.400276 0.704733 -0.822455 1.415748 -0.253459 -0.140925 0.082889
1.126922 -0.400231 0.704946 -0.822523 1.415615 -0.253338 -0.140917 0.082948
1.126763 -0.400188 0.705152 -0.822589 1.415486 -0.253222 -0.140910 0.083005
1.126608 -0.400146 0.705353 -0.822652 1.415361 -0.253108 -0.140902 0.083060
1.126457 -0.400104 0.705547 -0.822715 1.415239 -0.252998 -0.140895 0.083114
1.126311 -0.400065 0.705735 -0.822775 1.415121 -0.252891 -0.140888 0.083167
1.126170 -0.400026 0.705918 -0.822833 1.415007 -0.252788 -0.140881 0.083217
1.126032 -0.399989 0.706095 -0.822890 1.414896 -0.252688 -0.140875 0.083266
1.125899 -0.399952 0.706267 -0.822945 1.414788 -0.252590 -0.140868 0.083314
1.125770 -0.399917 0.706434 -0.822998 1.414684 -0.252496 -0.140862 0.083360
1.125644 -0.399883 0.706596 -0.823050 1.414583 -0.252404 -0.140856 0.083405
1.125523 -0.399849 0.706753 -0.823100 1.414485 -0.252315 -0.140850 0.083449
1.125405 -0.399817 0.706905 -0.823149 1.414390 -0.252229 -0.140844 0.083491
1.125290 -0.399786 0.707052 -0.823196 1.414297 -0.252145 -0.140838 0.083532
1.125179 -0.399755 0.707196 -0.823242 1.414208 -0.252064 -0.140833 0.083572
1.125071 -0.399726 0.707334 -0.823286 1.414121 -0.251986 -0.140827 0.083610
1.124967 -0.399697 0.707469 -0.823329 1.414037 -0.251909 -0.140822 0.083648
1.124866 -0.399670 0.707600 -0.823371 1.413955 -0.251835 -0.140817 0.083684
1.124767 -0.399643 0.707726 -0.823412 1.413875 -0.251763 -0.140812 0.083719
1.124672 -0.399617 0.707849 -0.823451 1.413798 -0.251694 -0.140807 0.083753
1.124579 -0.399591 0.707968 -0.823489 1.413724 -0.251626 -0.140803 0.083786
1.124490 -0.399567 0.708084 -0.823526 1.413651 -0.251561 -0.140798 0.083819
1.124403 -0.399543 0.708196 -0.823562 1.413581 -0.251497 -0.140794 0.083850
1.124318 -0.399520 0.708305 -0.823597 1.413513 -0.251435 -0.140789 0.083880
1.124236 -0.399498 0.708411 -0.823631 1.413447 -0.251375 -0.140785 0.083909
1.124157 -0.399476 0.708513 -0.823664 1.413383 -0.251317 -0.140781 0.083938
1.124080 -0.399455 0.708612 -0.823696 1.413321 -0.251261 -0.140777 0.083965
1.124005 -0.399434 0.708708 -0.823727 1.413260 -0.251206 -0.140773 0.083992
1.123932 -0.399414 0.708802 -0.823757 1.413202 -0.251153 -0.140770 0.084018
1.123862 -0.399395 0.708892 -0.823786 1.413145 -0.251102 -0.140766 0.084043
1.123794 -0.399376 0.708980 -0.823814 1.413090 -0.251052 -0.140763 0.084068
1.123728 -0.399358 0.709065 -0.823842 1.413037 -0.251004 -0.140759 0.084091
1.123663 -0.399341 0.709148 -0.823868 1.412985 -0.250957 -0.140756 0.084114
1.123601 -0.399324 0.709228 -0.823894 1.412935 -0.250911 -0.140753 0.084137
1.123541 -0.399307 0.709306 -0.823919 1.412886 -0.250867 -0.140749 0.084158
1.123482 -0.399291 0.709381 -0.823943 1.412839 -0.250825 -0.140746 0.084179
1.123425 -0.399275 0.709455 -0.823967 1.412793 -0.250783 -0.140743 0.084200
